##FastQC	0.12.1
>>Basic Statistics	pass
#Measure	Value
Filename	HG00138.GRCh38DH.exome.chr21.fq
File type	Conventional base calls
Encoding	Sanger / Illumina 1.9
Total Sequences	982530
Total Bases	88.4 Mbp
Sequences flagged as poor quality	0
Sequence length	90
%GC	45
>>END_MODULE
>>Per base sequence quality	pass
#Base	Mean	Median	Lower Quartile	Upper Quartile	10th Percentile	90th Percentile
1	26.768496636235025	27.0	27.0	27.0	27.0	27.0
2	27.656402349037688	27.0	27.0	27.0	27.0	33.0
3	26.895378258170233	27.0	27.0	27.0	22.0	33.0
4	25.96072079224044	27.0	27.0	27.0	22.0	27.0
5	29.022638494498896	27.0	27.0	33.0	27.0	33.0
6	30.281106938210538	33.0	27.0	33.0	27.0	33.0
7	30.36406725494387	33.0	27.0	33.0	27.0	33.0
8	30.596617914974605	33.0	27.0	33.0	27.0	33.0
9	30.573197764953743	33.0	27.0	33.0	27.0	33.0
10-11	30.871176452627402	33.0	27.0	33.0	27.0	33.0
12-13	30.872035459477065	33.0	27.0	33.0	27.0	33.0
14-15	30.988862426592572	33.0	27.0	33.0	27.0	33.0
16-17	31.04970637028895	33.0	27.0	33.0	27.0	33.0
18-19	30.885109360528432	33.0	27.0	33.0	27.0	33.0
20-21	30.958184991806867	33.0	27.0	33.0	27.0	33.0
22-23	30.880682523688844	33.0	27.0	33.0	27.0	33.0
24-25	30.742877062277998	33.0	27.0	33.0	27.0	33.0
26-27	30.730457085279838	33.0	27.0	33.0	27.0	33.0
28-29	30.65359174783467	33.0	27.0	33.0	27.0	33.0
30-31	30.577271431915566	33.0	27.0	33.0	27.0	33.0
32-33	30.505034960764554	33.0	27.0	33.0	27.0	33.0
34-35	30.425975288286363	33.0	27.0	33.0	27.0	33.0
36-37	30.369216207138713	33.0	27.0	33.0	27.0	33.0
38-39	30.267524655735702	33.0	27.0	33.0	27.0	33.0
40-41	30.193658717799963	33.0	27.0	33.0	27.0	33.0
42-43	30.02958179394013	33.0	27.0	33.0	27.0	33.0
44-45	29.778423050695654	33.0	27.0	33.0	24.5	33.0
46-47	30.213232165938955	33.0	27.0	33.0	27.0	33.0
48-49	30.333874283736883	33.0	27.0	33.0	27.0	33.0
50-51	30.10284520574435	33.0	27.0	33.0	27.0	33.0
52-53	30.03136698116088	33.0	27.0	33.0	27.0	33.0
54-55	29.85156534660519	33.0	27.0	33.0	22.0	33.0
56-57	29.757366187291993	33.0	27.0	33.0	22.0	33.0
58-59	29.234848808687776	33.0	27.0	33.0	22.0	33.0
60-61	29.461179811303474	33.0	27.0	33.0	22.0	33.0
62-63	29.272494478540096	33.0	27.0	33.0	22.0	33.0
64-65	28.876562547708467	33.0	27.0	33.0	22.0	33.0
66-67	28.939028833725178	33.0	27.0	33.0	15.0	33.0
68-69	28.681567992834825	33.0	27.0	33.0	15.0	33.0
70-71	28.50009872472087	33.0	27.0	33.0	10.5	33.0
72-73	28.142859251117017	33.0	27.0	33.0	6.0	33.0
74-75	27.951668142448575	33.0	27.0	33.0	6.0	33.0
76-77	28.00638250231545	33.0	27.0	33.0	6.0	33.0
78-79	27.72837521500616	33.0	27.0	33.0	6.0	33.0
80-81	27.62002483384731	33.0	27.0	33.0	6.0	33.0
82-83	27.1405361668346	33.0	27.0	33.0	6.0	33.0
84-85	26.624222670045697	33.0	27.0	33.0	6.0	33.0
86-87	24.84785757177898	27.0	24.5	33.0	6.0	33.0
88-89	24.117641191617558	27.0	22.0	33.0	6.0	33.0
90	23.8375968163822	27.0	22.0	33.0	6.0	33.0
>>END_MODULE
>>Per sequence quality scores	pass
#Quality	Count
6	2927.0
7	587.0
8	874.0
9	1295.0
10	1667.0
11	2406.0
12	3375.0
13	3700.0
14	4349.0
15	5092.0
16	5495.0
17	6245.0
18	6777.0
19	8096.0
20	9028.0
21	10620.0
22	11905.0
23	13725.0
24	15872.0
25	18919.0
26	23456.0
27	31071.0
28	44774.0
29	74048.0
30	189743.0
31	451709.0
32	34775.0
>>END_MODULE
>>Per base sequence content	pass
#Base	G	A	T	C
1	21.007600491880503	31.439566198917944	26.521576872643326	21.031256436558223
2	22.18263055581	30.50492096933427	27.09901987725566	20.21342859760007
3	21.741183702839717	28.373876748425236	28.24125952772799	21.643680021007057
4	21.705109976397644	27.916020799386075	28.41656582146685	21.962303402749438
5	21.96547677331295	28.424815439469338	28.179718647611274	21.42998913960644
6	22.354126591554458	28.170539321954546	26.975257752943932	22.500076333547067
7	22.219881326778825	28.19954606984011	27.822560125390574	21.758012477990494
8	21.419905753513888	28.394756394206794	28.08830264724741	22.097035205031908
9	21.492880624510192	27.95772139273101	28.402186192788005	22.14721178997079
10-11	21.679388924511212	28.202599411722794	28.119395845419476	21.998615818346515
12-13	21.64066237163242	28.10224624184503	28.09440933101279	22.162682055509755
14-15	21.678014920663998	28.106419142418044	28.146519699144047	22.06904623777391
16-17	21.712568572969783	28.085809084709883	28.06631858569204	22.135303756628296
18-19	21.89215596470337	27.774215545581306	28.017058003317963	22.31657048639736
20-21	21.899687541347337	27.822509236359195	27.944693800698197	22.333109421595267
22-23	22.050726186477767	27.771263981761372	27.796555830356322	22.38145400140454
24-25	22.070522019683878	27.661598119141402	27.794825603289468	22.473054257885256
26-27	22.13705573423442	27.633025281928102	27.796380735252207	22.433538248585272
28-29	22.200780649659293	27.691689185406837	27.602479351460286	22.505050813473584
30-31	22.312317172223004	27.592210340749247	27.620607807573066	22.474864679454686
32-33	22.32555535764269	27.569403801623448	27.668541184254053	22.436499656479807
34-35	22.38565625854076	27.51095125666529	27.649791866322143	22.453600618471807
36-37	22.395943333284137	27.53207057842819	27.475479182050755	22.59650690623691
38-39	22.465288274505852	27.376382896211403	27.49496411518562	22.663364714097117
40-41	22.548659379761485	27.380195075181195	27.479228859645822	22.591916685411498
42-43	22.457353480752897	27.359012421573205	27.48440369680349	22.69923040087041
44-45	22.637527607299525	27.339979440831325	27.347511017475295	22.674981934393863
46-47	22.54160178315166	27.387764241295432	27.382268225906586	22.688365749646323
48-49	22.641700507872535	27.240847607706637	27.397738491445555	22.719713392975276
50-51	22.653404985089516	27.198406155537235	27.39112291736639	22.75706594200686
52-53	22.687500636112894	27.18853368344987	27.36898618871688	22.754979491720352
54-55	22.73080720181572	27.178304988142855	27.28903952042177	22.801848289619656
56-57	22.791772261406777	27.141003328142656	27.228634240175875	22.8385901702747
58-59	22.81184400357244	27.142737189224675	27.23062321728001	22.814795589922877
60-61	22.758359571363794	27.030116186935217	27.227569346516557	22.983954895184432
62-63	22.827503622205608	27.118322329733434	27.156490987362105	22.897683060698853
64-65	22.860094503576327	27.057946417439144	27.17107590057023	22.910883178414306
66-67	22.833765666676335	27.005795149825513	27.11775905266324	23.04268013083491
68-69	22.944734384581913	27.023891010781366	27.067148778731426	22.964225825905295
70-71	22.971657874859773	27.02747685661177	27.010680467530037	22.990184800998417
72-73	22.948612256114316	26.91032334890538	26.955665475863334	23.185398919116974
74-75	23.083468189266483	26.89872064975115	26.93500452912379	23.082806631858567
76-77	22.97811900934282	26.950457471836437	26.93483437224401	23.136589146576735
78-79	23.05649700263605	26.86650789288877	26.90335155160657	23.173643552868615
80-81	23.07028793013954	26.83164890639472	26.892206853734745	23.205856309731
82-83	23.121584073768737	26.83159801736334	26.803151048822937	23.243666860044986
84-85	23.152931717097697	26.788444118754644	26.69139873591646	23.3672254282312
86-87	23.177358452159222	26.700711428658668	26.72183037668061	23.400099742501503
88-89	23.168605538762176	26.672010014961373	26.718573478672408	23.440810967604044
90	23.230537489949416	26.648041281182255	26.525500493623603	23.595920735244725
>>END_MODULE
>>Per sequence GC content	warn
#GC Content	Count
0	0.0
1	0.0
2	0.0
3	0.5
4	2.0
5	3.5
6	5.5
7	10.5
8	22.0
9	29.5
10	29.0
11	39.5
12	52.5
13	76.0
14	145.0
15	258.5
16	431.5
17	709.0
18	1199.5
19	1921.0
20	2322.0
21	2809.0
22	4024.5
23	5473.5
24	7296.5
25	9646.0
26	12101.0
27	14563.0
28	17115.0
29	19832.5
30	21252.0
31	22623.0
32	25011.5
33	26750.0
34	28678.5
35	30214.5
36	31248.0
37	32280.0
38	32800.0
39	33119.5
40	33246.0
41	33554.0
42	33518.0
43	33205.5
44	32807.0
45	32394.0
46	31922.5
47	31015.5
48	29923.0
49	28564.0
50	27879.0
51	27320.0
52	26112.0
53	25132.5
54	24317.0
55	23453.0
56	23058.5
57	22382.0
58	20925.5
59	19692.5
60	19255.0
61	18445.5
62	16789.5
63	15001.5
64	13288.5
65	11630.5
66	9968.0
67	8371.0
68	6853.0
69	5498.5
70	4841.0
71	4331.5
72	3328.5
73	2508.0
74	1883.0
75	1381.0
76	1033.0
77	746.0
78	539.5
79	399.5
80	323.0
81	256.5
82	163.0
83	119.5
84	80.5
85	47.5
86	29.5
87	22.0
88	15.0
89	5.0
90	2.0
91	2.5
92	1.5
93	0.5
94	1.5
95	1.0
96	0.0
97	0.0
98	0.0
99	0.0
100	0.0
>>END_MODULE
>>Per base N content	pass
#Base	N-Count
1	0.1836076252124617
2	0.0
3	3.053341882690605E-4
4	1.017780627563535E-4
5	0.006208461828137564
6	0.0
7	0.0
8	0.0
9	0.0
10-11	0.0
12-13	0.0
14-15	0.0
16-17	0.0
18-19	0.0
20-21	0.0
22-23	0.0
24-25	0.0
26-27	0.001017780627563535
28-29	0.0015266709413453022
30-31	0.004885347012304968
32-33	0.005597793451599442
34-35	0.011042919809064355
36-37	0.004936236043683144
38-39	0.008244023083264634
40-41	0.003765788321985079
42-43	5.597793451599442E-4
44-45	0.0
46-47	0.0
48-49	0.0
50-51	0.0
52-53	0.0
54-55	0.0
56-57	0.0
58-59	7.633354706726511E-4
60-61	0.0018828941609925396
62-63	0.004936236043683144
64-65	0.002798896725799721
66-67	0.007175353424322922
68-69	0.004834457980926791
70-71	0.017912939045118214
72-73	0.0
74-75	0.0
76-77	0.0010686696589417117
78-79	0.0
80-81	0.0
82-83	0.0
84-85	0.0
86-87	0.0
88-89	0.0
90	0.0
>>END_MODULE
>>Sequence Length Distribution	pass
#Length	Count
90	982530.0
>>END_MODULE
>>Sequence Duplication Levels	pass
#Total Deduplicated Percentage	84.07517992321544
#Duplication Level	Percentage of total
1	73.16988830499488
2	15.670757200371831
3	5.978592719836639
4	2.5069117446566156
5	1.2936404246976732
6	0.6046933594134212
7	0.33067946317586155
8	0.17529624159339122
9	0.08983969621886627
>10	0.13432349126342072
>50	0.0
>100	0.045377353777400424
>500	0.0
>1k	0.0
>5k	0.0
>10k+	0.0
>>END_MODULE
>>Overrepresented sequences	pass
>>END_MODULE
>>Adapter Content	pass
#Position	Illumina Universal Adapter	Illumina Small RNA 3' Adapter	Illumina Small RNA 5' Adapter	Nextera Transposase Sequence	PolyA	PolyG
1	0.07338198324733088	0.0	0.0	0.0	0.11561987929121757	4.07112251025414E-4
2	0.07368731743559993	0.0	0.0	0.0	0.1341434867128739	4.07112251025414E-4
3	0.07368731743559993	0.0	0.0	0.0	0.14696752262017446	4.07112251025414E-4
4	0.07368731743559993	0.0	0.0	0.0	0.16162356365708935	5.088903137817675E-4
5	0.07368731743559993	0.0	0.0	0.0	0.1792311685139385	5.088903137817675E-4
6	0.07368731743559993	0.0	0.0	0.0	0.19378543148809704	5.088903137817675E-4
7	0.07368731743559993	0.0	0.0	0.0	0.20610057708161583	7.124464392944744E-4
8	0.07378909549835629	0.0	0.0	0.0	0.217092607859302	7.124464392944744E-4
9	0.07378909549835629	0.0	0.0	0.0	0.23225753920999867	9.160025648071815E-4
10-11	0.07434887484351622	0.0	0.0	0.0	0.2495598098785788	0.0010686696589417117
12-13	0.0750613212828107	0.0	0.0	0.0	0.27307054237529643	0.0014757819099671258
14-15	0.07541754450245794	0.0	0.0	0.0	0.2979043896878467	0.0016793380354798327
16-17	0.07597732384761788	0.0	0.0	0.0	0.31652977517225933	0.0018828941609925396
18-19	0.07648621416139965	0.0	0.0	0.0	0.3345953813115121	0.0021882283492616
20-21	0.07714777156931595	0.0	0.0	0.0	0.3521520971369831	0.0027480076944215444
22-23	0.07740221672620684	0.0	0.0	0.0	0.3672152504249234	0.003714899290606903
24-25	0.07816555219687948	0.0	0.0	0.0	0.3810061779284093	0.00407112251025414
26-27	0.0789797766989303	0.0	0.0	0.0	0.39667999959288774	0.004478234761279554
28-29	0.07984489023235931	0.0	0.0	0.0	0.41413493735560236	0.005139792169195852
30-31	0.08065911473441015	0.0	0.0	0.0	0.42807853195322276	0.005903127639868503
32-33	0.08355978952296622	0.0	0.0	0.0	0.44181857042533057	0.0076333547067265126
34-35	0.11241387031439243	0.0	0.0	0.0	0.45362482570506757	0.009567137899097229
36-37	0.13404170865011755	0.0	0.0	0.0	0.464973079702401	0.011093808840442532
38-39	0.13597549184248825	0.0	0.0	0.0	0.47576155435457446	0.012722257844544187
40-41	0.138774388568288	0.0	0.0	0.0	0.48634647288123517	0.013892705566242253
42-43	0.14030105950963329	0.0	0.0	0.0	0.5002391784474775	0.016080933915503852
44-45	0.14238750979613854	0.0	0.0	0.0	0.51133298728792	0.0181673842020091
46-47	0.14498285039642556	0.0	0.0	0.0	0.5229865754735225	0.021627838335725118
48-49	0.14696752262017443	0.0	0.0	0.0	0.5336732720629396	0.02442673506152484
50-51	0.1487995277497888	0.0	0.0	0.0	0.5447161918720039	0.027530965975593617
52-53	0.15195464769523576	0.0	0.0	0.0	0.5584562303441116	0.031194976234822345
54-55	0.15393931991898466	0.0	0.0	0.0	0.5716873785024376	0.035113431650941954
56-57	0.1560257702054899	0.0	0.0	0.0	0.5845114144097381	0.038624774816036156
58-59	0.1595371133705841	0.0	0.0	0.0	0.5960123355012061	0.04254323023215576
60-61	0.16335379072394735	0.0	0.0	0.0	0.6088363714085065	0.04758124433859526
62-63	0.16671246679490703	0.0	0.0	0.0	0.6185052873703603	0.0523139242567657
64-65	0.1682900267676305	0.0	0.0	0.0	0.6296499852421809	0.05694482611217978
66-67	0.17190314799548106	0.0	0.0	0.0	0.6427793553377505	0.06218639634413199
68-69	0.17556715825470978	0.0	0.0	0.0	0.6565193938098582	0.06824219107813502
70-71	0.17821338788637497	0.0	0.0	0.0	0.6714807690350422	0.07460332000040712
72-73	0.18238628845938548	0.0	0.0	0.0	0.68522080750715	0.08086267085992285
74-75	0.18503251809105065	0.0	0.0	0.0	0.6966708395672396	0.08681668753116953
76-77	0.18813674900511945	0.0	0.0	0.0	0.7087824290352458	0.0930251493593071
78-79	0.19093564573091915	0.0	0.0	0.0	0.7196726817501755	0.10004783568949549
>>END_MODULE
