##FastQC	0.12.1
>>Basic Statistics	pass
#Measure	Value
Filename	HG00148.GRCh38DH.exome.chr21.fq
File type	Conventional base calls
Encoding	Sanger / Illumina 1.9
Total Sequences	736419
Total Bases	74.3 Mbp
Sequences flagged as poor quality	0
Sequence length	101
%GC	47
>>END_MODULE
>>Per base sequence quality	warn
#Base	Mean	Median	Lower Quartile	Upper Quartile	10th Percentile	90th Percentile
1	21.53351828239087	22.0	22.0	22.0	22.0	22.0
2	20.629723024528158	22.0	22.0	22.0	15.0	22.0
3	21.14425211734081	22.0	22.0	22.0	15.0	22.0
4	25.59982292689352	27.0	22.0	27.0	22.0	27.0
5	30.48986242886183	33.0	27.0	33.0	27.0	33.0
6	32.72709829594294	33.0	33.0	33.0	27.0	37.0
7	34.35723956063057	33.0	33.0	37.0	33.0	37.0
8	34.273970389139876	33.0	33.0	37.0	33.0	37.0
9	34.119020557590176	33.0	33.0	37.0	33.0	37.0
10-11	33.924950333981066	33.0	33.0	37.0	33.0	37.0
12-13	34.04957435916238	33.0	33.0	37.0	33.0	37.0
14-15	33.57446575930279	33.0	33.0	35.0	33.0	37.0
16-17	33.032556194231816	33.0	33.0	33.0	30.0	37.0
18-19	33.4651027472132	33.0	33.0	35.0	33.0	37.0
20-21	33.49847165811855	33.0	33.0	35.0	33.0	37.0
22-23	33.68598922624213	33.0	33.0	37.0	33.0	37.0
24-25	33.74933631533135	33.0	33.0	37.0	33.0	37.0
26-27	33.577794027584844	33.0	33.0	37.0	33.0	37.0
28-29	33.674274428009056	33.0	33.0	37.0	33.0	37.0
30-31	33.688163260317836	33.0	33.0	37.0	33.0	37.0
32-33	33.69293364239652	33.0	33.0	37.0	33.0	37.0
34-35	33.63461629860174	33.0	33.0	37.0	33.0	37.0
36-37	33.660997339829635	33.0	33.0	37.0	33.0	37.0
38-39	33.62399462805821	33.0	33.0	37.0	33.0	37.0
40-41	33.61654031196913	33.0	33.0	37.0	33.0	37.0
42-43	33.577313322985965	33.0	33.0	37.0	33.0	37.0
44-45	33.65898354062021	33.0	33.0	37.0	33.0	37.0
46-47	33.508630956018244	33.0	33.0	37.0	33.0	37.0
48-49	33.603767013072726	33.0	33.0	37.0	33.0	37.0
50-51	33.837689549020325	33.0	33.0	37.0	33.0	37.0
52-53	33.888579735177935	33.0	33.0	37.0	33.0	37.0
54-55	33.837516413889375	33.0	33.0	37.0	33.0	37.0
56-57	33.66292151614773	33.0	33.0	37.0	33.0	37.0
58-59	33.921144076945325	33.0	33.0	37.0	33.0	37.0
60-61	33.878178727056195	33.0	33.0	37.0	33.0	37.0
62-63	33.87811354677161	35.0	33.0	37.0	33.0	37.0
64-65	34.04503957665405	37.0	33.0	37.0	33.0	37.0
66-67	34.01921188888391	37.0	33.0	37.0	33.0	37.0
68-69	34.00669863216457	37.0	33.0	37.0	33.0	37.0
70-71	34.07846280446322	37.0	33.0	37.0	33.0	37.0
72-73	34.03156355281436	37.0	33.0	37.0	33.0	37.0
74-75	34.03846587336829	37.0	33.0	37.0	33.0	37.0
76-77	33.94852998089403	37.0	33.0	37.0	33.0	37.0
78-79	34.004153885220234	37.0	33.0	37.0	33.0	37.0
80-81	34.022817173375486	37.0	33.0	37.0	33.0	37.0
82-83	33.80858247818158	37.0	33.0	37.0	30.0	37.0
84-85	33.763689557167865	37.0	33.0	37.0	30.0	37.0
86-87	33.60728267467298	37.0	33.0	37.0	27.0	37.0
88-89	33.48605277701961	37.0	33.0	37.0	27.0	37.0
90-91	33.3737593679685	37.0	33.0	37.0	27.0	37.0
92-93	33.25449166846592	37.0	33.0	37.0	27.0	37.0
94-95	32.47690716833759	37.0	33.0	37.0	24.5	37.0
96-97	32.05394347511403	35.0	33.0	37.0	24.5	37.0
98-99	27.29070814305443	30.0	27.0	30.0	6.0	33.0
100-101	25.621299830667052	30.0	24.5	30.0	6.0	33.0
>>END_MODULE
>>Per sequence quality scores	pass
#Quality	Count
6	163.0
7	95.0
8	137.0
9	191.0
10	295.0
11	504.0
12	763.0
13	828.0
14	1012.0
15	1205.0
16	1359.0
17	1472.0
18	1567.0
19	1773.0
20	1961.0
21	2334.0
22	2535.0
23	2691.0
24	3192.0
25	3939.0
26	5154.0
27	6851.0
28	9488.0
29	13987.0
30	19891.0
31	31144.0
32	56817.0
33	249741.0
34	314820.0
35	510.0
>>END_MODULE
>>Per base sequence content	warn
#Base	G	A	T	C
1	16.0604956664528	26.113835814565505	31.336929216916605	26.488739302065095
2	25.315348475855316	29.883232439025388	24.389438899068114	20.41198018605119
3	23.656654295487847	26.149630154714426	26.777694941124867	23.41602060867286
4	23.574926196806707	25.279936123234357	26.065223826685386	25.07991385327355
5	23.15678981666687	26.781764185877876	27.745210267524328	22.316235729930924
6	24.220857962654414	26.221892699672335	24.849168747683045	24.708080589990207
7	23.760522202713403	25.742274438872435	27.235989294138257	23.261214064275908
8	22.808890047649506	25.877387737144208	27.418629883259392	23.895092331946895
9	22.59528882334649	25.296468450705373	27.856967297150128	24.251275428798007
10-11	23.402573806487883	26.0311724711068	26.406570172687015	24.1596835497183
12-13	23.38859270565422	26.049896388676895	26.734097766721078	23.827413138947808
14-15	23.34854016457055	26.036068639186638	26.856544969014866	23.758846227227945
16-17	23.104818149042625	26.106732155236156	26.876883707319326	23.911565988401897
18-19	23.313968962688957	25.881513408400824	26.823523500687124	23.980994128223095
20-21	23.31546728299335	25.965500009505625	26.786786093540794	23.932246613960235
22-23	23.28970998109089	26.00576439316013	26.78242980374584	23.922095822003143
24-25	23.331366607438568	25.951887411845302	26.7830045008375	23.933741479878627
26-27	23.42020081442083	26.083942247690135	26.651198510493966	23.844658427395068
28-29	23.443903518928355	26.18562399708267	26.611611329511014	23.75886115447796
30-31	23.381793560383542	26.009946491596825	26.623673410622494	23.98458653739714
32-33	23.53738059782066	26.143432684909985	26.509847220892418	23.80933949637694
34-35	23.492890222868084	26.15447298013065	26.52551235213429	23.82712444486697
36-37	23.48726006524107	26.04454970896834	26.604001379786133	23.86418884600446
38-39	23.478600384330715	26.23484915358969	26.493355696039224	23.793194766040376
40-41	23.58753072504312	26.152817197876065	26.510653611635455	23.74899846544536
42-43	23.50097368471084	26.140107390497814	26.446811284421862	23.912107640369484
44-45	23.600225161758626	26.147825892108408	26.503087146971012	23.748861799161958
46-47	23.66688327076259	26.150157564202065	26.471532857619135	23.71142630741621
48-49	23.56715663907177	26.117579797057992	26.443028485757118	23.872235078113118
50-51	23.57889861969262	26.18550456560076	26.498275549471256	23.737321265235362
52-53	23.487300179670235	26.17868700847017	26.478273210121834	23.855739601737763
54-55	23.570576400361514	26.15866406737516	26.47522355061319	23.795535981650143
56-57	23.53929746128921	26.18203373902368	26.458801289590117	23.81986751009699
58-59	23.583524387991265	26.253898058305175	26.412197255332327	23.750380298371237
60-61	23.494641986343144	26.229952444148026	26.43961384811196	23.835791721396873
62-63	23.607117779917612	26.229700786503273	26.40612415913687	23.757057274442243
64-65	23.586956152710112	26.303756641599758	26.38897282248892	23.720314383201206
66-67	23.597272563076395	26.149797180489674	26.52705369183113	23.725876564602803
68-69	23.687430652037218	26.172141845358627	26.46196030817997	23.678467194424186
70-71	23.63496595054612	26.250132422088274	26.447543196764283	23.66735843060132
72-73	23.63289552490157	26.18376002792268	26.435417258009096	23.747927189166653
74-75	23.732442134667053	26.25414778788041	26.394087887271155	23.61932219018138
76-77	23.679675490105545	26.230763798732166	26.37878680884118	23.710773902321108
78-79	23.693076500023764	26.371697639206687	26.296467297207375	23.63875856356217
80-81	23.785614087976523	26.324312433035807	26.275561820258257	23.614511658729416
82-83	23.65783044835626	26.396351987571986	26.3343613058646	23.611456258207145
84-85	23.694806932057848	26.30627951224083	26.345663118067975	23.653250437633343
86-87	23.791171549795404	26.342925553503214	26.272698781534913	23.593204115166465
88-89	23.8567489366332	26.489546534835252	26.14178904026684	23.511915488264716
90-91	23.843891298015805	26.378238370178003	26.19884688569305	23.57902344611314
92-93	24.021461792258172	26.38845925570385	26.080755024328756	23.50932392770922
94-95	23.929382487727267	26.564926499585244	26.042536410242462	23.463154602445027
96-97	23.9760239080785	26.554276752059785	26.07253767603574	23.397161663825973
98-99	24.159097292477348	26.63013097221578	25.867967026524397	23.342804708782474
100-101	24.46200645176674	26.644910973113095	25.728378576319223	23.164703998800938
>>END_MODULE
>>Per sequence GC content	warn
#GC Content	Count
0	0.0
1	0.0
2	0.0
3	0.0
4	0.5
5	1.0
6	0.5
7	0.0
8	1.0
9	2.5
10	5.5
11	7.0
12	3.5
13	6.0
14	12.5
15	16.0
16	26.0
17	44.0
18	76.0
19	143.5
20	270.5
21	475.5
22	710.5
23	1056.0
24	1506.5
25	2078.0
26	2909.5
27	4047.0
28	5191.5
29	6559.5
30	8056.5
31	9457.5
32	11324.0
33	13211.5
34	14538.0
35	15976.0
36	17949.5
37	19516.5
38	20543.0
39	21460.0
40	22134.0
41	22729.0
42	23172.5
43	23593.0
44	24283.5
45	24439.5
46	24357.5
47	24493.5
48	24213.0
49	23364.5
50	22610.5
51	22162.5
52	21685.5
53	21110.5
54	20902.5
55	20699.5
56	20467.5
57	20347.5
58	19629.5
59	18970.0
60	18191.5
61	16980.0
62	15645.5
63	14075.5
64	12259.5
65	10222.5
66	8079.5
67	6230.5
68	4656.5
69	3180.5
70	1938.5
71	1083.0
72	596.5
73	318.5
74	175.0
75	101.5
76	53.0
77	30.0
78	21.0
79	12.5
80	6.5
81	3.5
82	2.0
83	1.5
84	1.5
85	2.0
86	1.0
87	1.0
88	1.0
89	0.0
90	0.0
91	0.0
92	0.0
93	0.0
94	0.0
95	0.0
96	0.0
97	0.0
98	0.0
99	0.0
100	0.0
>>END_MODULE
>>Per base N content	pass
#Base	N-Count
1	0.10360949405162007
2	0.0230846841268354
3	0.004073767787088601
4	1.3579225956962E-4
5	0.0
6	0.0
7	0.0
8	0.0
9	0.0
10-11	0.0
12-13	0.0017652993744050602
14-15	0.0023763645424683504
16-17	7.468574276329101E-4
18-19	0.0020368838935443004
20-21	0.0017652993744050602
22-23	2.0368838935443004E-4
24-25	6.789612978481E-5
26-27	0.00916597752094935
28-29	0.017585097614265792
30-31	0.02437471059274679
32-33	0.01283236852932909
34-35	0.014801356293088581
36-37	0.00991283494858226
38-39	0.010048627208151882
40-41	0.006653820718911381
42-43	0.00556748264235442
44-45	0.00807963944439239
46-47	0.007129093627405051
48-49	0.006925405238050621
50-51	0.01323974530803795
52-53	0.009505458169873401
54-55	0.008758600742240491
56-57	0.008283327833746822
58-59	0.0210478002332911
60-61	0.031503804220151845
62-63	0.016566655667493643
64-65	0.007672262665683531
66-67	0.006789612978481001
68-69	0.013036056918683522
70-71	0.01860353956103794
72-73	0.013579225956962001
74-75	0.00441324843601265
76-77	0.00638223619977214
78-79	0.00190109163397468
80-81	0.00244426067225316
82-83	0.00244426067225316
84-85	0.00977704268901264
86-87	0.1282557891635061
88-89	0.15432790300087315
90-91	0.2326121406427591
92-93	0.13205797243145545
94-95	0.1424460802885314
96-97	0.17245616965341742
98-99	0.40479672577703724
100-101	0.34104225990910064
>>END_MODULE
>>Sequence Length Distribution	pass
#Length	Count
101	736419.0
>>END_MODULE
>>Sequence Duplication Levels	pass
#Total Deduplicated Percentage	79.92216765030625
#Duplication Level	Percentage of total
1	65.94424688830067
2	20.896379735786756
3	6.665124686250986
4	2.9211308301141625
5	1.457330456008637
6	0.8001757974983476
7	0.45745221422018345
8	0.2861027404665954
9	0.15683506996502916
>10	0.4152215813886262
>50	0.0
>100	0.0
>500	0.0
>1k	0.0
>5k	0.0
>10k+	0.0
>>END_MODULE
>>Overrepresented sequences	pass
>>END_MODULE
>>Adapter Content	pass
#Position	Illumina Universal Adapter	Illumina Small RNA 3' Adapter	Illumina Small RNA 5' Adapter	Nextera Transposase Sequence	PolyA	PolyG
1	0.0	0.0	0.0	0.0	0.0258005293182278	0.0
2	0.0	0.0	0.0	0.0	0.030010089364886024	0.0
3	0.0	0.0	0.0	0.0	0.03421964941154424	0.0
4	0.0	0.0	0.0	0.0	0.03720707912207588	0.0
5	0.0	0.0	0.0	0.0	0.041145054649594864	0.0
6	0.0	0.0	0.0	0.0	0.04426827661969612	2.7158451913924E-4
7	0.0	0.0	0.0	0.0	0.04725570633022776	2.7158451913924E-4
8	0.0	0.0	0.0	0.0	0.050786305079037884	2.7158451913924E-4
9	0.0	0.0	0.0	0.0	0.055403241904404966	2.7158451913924E-4
10-11	0.0	0.0	0.0	0.0	0.061513893585037865	3.3948064892405E-4
12-13	0.0	0.0	0.0	0.0	0.06952563689964544	5.4316903827848E-4
14-15	0.0	0.0	0.0	0.0	0.0759757692292024	6.110651680632901E-4
16-17	0.0	0.0	0.0	0.0	0.080049537016291	6.789612978481001E-4
18-19	0.0	0.0	0.0	0.0	0.08344434350553151	7.468574276329101E-4
20-21	0.0	0.0	0.0	0.0	0.08833286485003783	8.8264968720253E-4
22-23	0.0	0.0	0.0	0.0	0.09423982814131629	0.00108633807655696
24-25	0.0	0.0	0.0	0.0	0.09797411527948083	0.0012221303361265802
26-27	0.0	0.0	0.0	0.0	0.10123312950915173	0.0013579225956962002
28-29	0.0	0.0	0.0	6.789612978481E-5	0.10510320890688589	0.0013579225956962002
30-31	0.0	0.0	0.0	1.3579225956962E-4	0.10938066508332892	0.00142581872548101
32-33	0.0	0.0	0.0	1.3579225956962E-4	0.11433708255762005	0.0019010916339746802
34-35	0.0	0.0	0.0	1.3579225956962E-4	0.11902191551277194	0.00217267615311392
36-37	0.0	0.0	0.0	1.3579225956962E-4	0.1228919949105061	0.00224057228289873
38-39	0.0	0.0	0.0	1.3579225956962E-4	0.1268299704380251	0.0025800529318227806
40-41	0.0	0.0	0.0	1.3579225956962E-4	0.13280482985908837	0.00291953358074683
42-43	0.0	0.0	0.0	1.3579225956962E-4	0.1366070131270377	0.00325901422967088
44-45	0.0	0.0	0.0	1.3579225956962E-4	0.1398660273567086	0.0036663910083797402
46-47	2.7158451913924E-4	0.0	0.0	1.3579225956962E-4	0.1452298216097086	0.004277456176443031
48-49	2.7158451913924E-4	0.0	0.0	4.0737677870886E-4	0.14903200487765794	0.004888521344506321
50-51	0.00108633807655696	0.0	0.0	4.7527290849367005E-4	0.15222312297754403	0.005431690382784801
52-53	0.00162950711483544	0.0	0.0	5.4316903827848E-4	0.15785850174968327	0.006042755550848091
54-55	0.00162950711483544	0.0	0.0	5.4316903827848E-4	0.16301860761332881	0.00658592458912657
56-57	0.0024442606722531604	0.0	0.0	5.4316903827848E-4	0.16777133669826555	0.006925405238050621
58-59	0.0036663910083797402	0.0	0.0	5.4316903827848E-4	0.1717093122257845	0.0073327820167594805
60-61	0.00420956004665822	0.0	0.0	5.4316903827848E-4	0.17537570323416424	0.007604366535898721
62-63	0.00434535230622784	0.0	0.0	5.4316903827848E-4	0.1806037052275946	0.0081475355741772
64-65	0.005024313604075941	0.0	0.0	5.4316903827848E-4	0.1852885381827465	0.00855491235288606
66-67	0.0066538207189113805	0.0	0.0	5.4316903827848E-4	0.18902282532091105	0.009369665910303781
68-69	0.009505458169873401	0.0	0.0	5.4316903827848E-4	0.19316448923778448	0.009505458169873401
70-71	0.01439397951437972	0.0	0.0	5.4316903827848E-4	0.19764563380358194	0.01025231559750631
72-73	0.023084684126835404	0.0	0.0	5.4316903827848E-4	0.20328101257572118	0.01113496528470884
74-75	0.03388016876262019	0.0	0.0	5.4316903827848E-4	0.20789794940108824	0.012357095620835421
76-77	0.05350215027043029	0.0	0.0	5.4316903827848E-4	0.21265067848602492	0.01351132982717719
78-79	0.08466647384165807	0.0	0.0	5.4316903827848E-4	0.2177428882198857	0.01473346016330377
80-81	0.13280482985908837	0.0	0.0	5.4316903827848E-4	0.22195244826654392	0.015140836942012632
82-83	0.19567664603982243	0.0	0.0	5.4316903827848E-4	0.2266372812216958	0.01622717501856959
84-85	0.274096675941278	0.0	0.0	5.4316903827848E-4	0.2320689716044806	0.017856682133405032
86-87	0.38721162816277144	0.0	0.0	5.4316903827848E-4	0.23784014263618947	0.018671435690822753
88-89	0.5378052440254801	0.0	0.0	5.4316903827848E-4	0.24327183301897426	0.01982566989716452
90	0.6763812449162773	0.0	0.0	5.4316903827848E-4	0.24646295111886032	0.020776215714151863
>>END_MODULE
