##FastQC	0.12.1
>>Basic Statistics	pass
#Measure	Value
Filename	HG00238.GRCh38DH.exome.chr21.fq
File type	Conventional base calls
Encoding	Sanger / Illumina 1.9
Total Sequences	1064102
Total Bases	106.4 Mbp
Sequences flagged as poor quality	0
Sequence length	100
%GC	44
>>END_MODULE
>>Per base sequence quality	pass
#Base	Mean	Median	Lower Quartile	Upper Quartile	10th Percentile	90th Percentile
1	26.235064871600656	27.0	27.0	27.0	22.0	27.0
2	26.25682406385854	27.0	27.0	27.0	22.0	27.0
3	26.157980156037674	27.0	27.0	27.0	22.0	27.0
4	26.381525455266505	27.0	27.0	27.0	22.0	27.0
5	29.14909472964058	27.0	27.0	33.0	27.0	33.0
6	32.45959127978333	33.0	33.0	33.0	33.0	33.0
7	32.47271690119932	33.0	33.0	33.0	33.0	33.0
8	32.776045905373735	33.0	33.0	33.0	33.0	33.0
9	32.873381499142	33.0	33.0	33.0	33.0	37.0
10-11	32.87882552612437	33.0	33.0	33.0	33.0	35.0
12-13	32.8802892015991	33.0	33.0	33.0	33.0	35.0
14-15	32.84198601261909	33.0	33.0	33.0	33.0	33.0
16-17	32.86733414653858	33.0	33.0	33.0	33.0	33.0
18-19	32.8165189991185	33.0	33.0	33.0	33.0	33.0
20-21	32.83048758483679	33.0	33.0	33.0	33.0	33.0
22-23	32.806995945877375	33.0	33.0	33.0	33.0	33.0
24-25	32.76029036690092	33.0	33.0	33.0	33.0	33.0
26-27	32.77669668885126	33.0	33.0	33.0	33.0	33.0
28-29	32.715006174220136	33.0	33.0	33.0	33.0	33.0
30-31	32.78529078979271	33.0	33.0	33.0	33.0	35.0
32-33	32.595211267340915	33.0	33.0	33.0	33.0	33.0
34-35	32.70412140941376	33.0	33.0	33.0	33.0	35.0
36-37	32.90455614217434	33.0	33.0	33.0	33.0	37.0
38-39	33.199580961223646	33.0	33.0	35.0	33.0	37.0
40-41	32.782368137640944	33.0	33.0	33.0	33.0	37.0
42-43	33.07013801308521	33.0	33.0	35.0	33.0	37.0
44-45	33.093702953288314	33.0	33.0	35.0	33.0	37.0
46-47	33.218602164078256	33.0	33.0	35.0	33.0	37.0
48-49	33.18761077415511	33.0	33.0	37.0	33.0	37.0
50-51	33.1186117496255	33.0	33.0	35.0	33.0	37.0
52-53	33.171502355977154	33.0	33.0	37.0	33.0	37.0
54-55	33.18254547026507	33.0	33.0	37.0	33.0	37.0
56-57	32.97411150434827	33.0	33.0	33.0	33.0	37.0
58-59	33.0523417867836	33.0	33.0	37.0	27.0	37.0
60-61	33.030147955741086	33.0	33.0	37.0	30.0	37.0
62-63	32.97689789136756	33.0	33.0	37.0	27.0	37.0
64-65	32.854571742182614	33.0	33.0	37.0	27.0	37.0
66-67	32.89814933154904	33.0	33.0	37.0	30.0	37.0
68-69	32.72604177043178	33.0	33.0	37.0	27.0	37.0
70-71	32.67861163685436	33.0	33.0	37.0	27.0	37.0
72-73	32.60300798231748	33.0	33.0	37.0	27.0	37.0
74-75	32.56211857509901	33.0	33.0	37.0	27.0	37.0
76-77	32.497072649050565	33.0	33.0	37.0	27.0	37.0
78-79	32.37665985027751	33.0	33.0	37.0	27.0	37.0
80-81	32.46304865511013	33.0	33.0	37.0	27.0	37.0
82-83	32.47127155103552	33.0	33.0	37.0	27.0	37.0
84-85	32.28109476347193	33.0	33.0	37.0	27.0	37.0
86-87	32.32807945103007	33.0	33.0	37.0	27.0	37.0
88-89	32.184172194019	33.0	33.0	37.0	27.0	37.0
90-91	32.03650683863013	33.0	33.0	37.0	27.0	37.0
92-93	31.937021075047316	33.0	33.0	37.0	27.0	37.0
94-95	31.42558326175498	33.0	33.0	35.0	24.5	37.0
96-97	30.21499348746643	33.0	33.0	33.0	22.0	33.0
98-99	29.500211445895225	33.0	30.0	33.0	22.0	33.0
100	29.428687287496874	33.0	27.0	33.0	22.0	33.0
>>END_MODULE
>>Per sequence quality scores	pass
#Quality	Count
2	10.0
3	23.0
4	9.0
5	27.0
6	629.0
7	192.0
8	303.0
9	426.0
10	624.0
11	851.0
12	975.0
13	1223.0
14	1345.0
15	1473.0
16	1702.0
17	1989.0
18	2333.0
19	2722.0
20	3315.0
21	3849.0
22	4300.0
23	5451.0
24	6463.0
25	7870.0
26	9788.0
27	12433.0
28	16762.0
29	24083.0
30	38691.0
31	74760.0
32	181630.0
33	585706.0
34	72112.0
35	33.0
>>END_MODULE
>>Per base sequence content	pass
#Base	G	A	T	C
1	15.381910988489322	29.233545936952137	30.1541180396599	25.23042503489864
2	24.53055735418638	31.139828640864746	26.679641869368968	17.649972135579905
3	22.089149395862524	27.99688744914616	28.334926260174292	21.57903689481702
4	20.960018646248525	27.872570184235084	28.006402129281284	23.161009040235108
5	21.110687152035066	28.152689174507824	29.18150001315735	21.555123660299763
6	21.577511860991436	27.768159910976774	28.111113617395624	22.54321461063617
7	22.18025397732399	27.594846771525667	28.199245887341736	22.025653363808605
8	20.898024856582182	27.882171830710583	29.086092043036622	22.13371126967061
9	21.02220555575919	27.42936411491213	29.454903276557708	22.093527052770973
10-11	21.587964681612917	28.014116077008744	28.464524193283115	21.93339504809522
12-13	21.324063622274	28.105429961643548	28.495009713647136	22.07549670243532
14-15	21.48965155561487	28.12273114533311	28.363755468160022	22.023861830891995
16-17	21.56506889387744	28.017329085805663	28.33269814655474	22.084903873762148
18-19	21.652633375026618	27.80335623878641	28.206986703744075	22.337023682442897
20-21	21.756257578178605	27.77349587841077	28.2805406472352	22.18970589617543
22-23	21.79400656829884	27.631079295195594	28.301773290296627	22.273140846208943
24-25	21.834113878986834	27.593248378008116	28.17211325392368	22.40052448908137
26-27	21.97511205029479	27.567568583804597	28.065073772710864	22.39224559318975
28-29	21.985733272925177	27.62343097020888	28.067844500382567	22.32299125648338
30-31	21.879039483171777	27.48752255059842	28.04438954272698	22.589048423502824
32-33	22.15888819161913	27.51236870371284	27.8626174879956	22.466125616672425
34-35	22.160786824339887	27.547171762467343	27.78454648267071	22.507494930522064
36-37	22.188034171961764	27.437093465167052	27.81478653806736	22.560085824803817
38-39	22.233712512926576	27.399407727742787	27.865939644636644	22.500940114693993
40-41	22.19554371190594	27.48390669928894	27.818231739769022	22.502317849036093
42-43	22.234064710133037	27.40112449829407	27.776490096582357	22.588320694990532
44-45	22.3672234790147	27.344967909480854	27.712556203070083	22.575252408434363
46-47	22.318052330227616	27.41935635512349	27.699011874430017	22.563579440218874
48-49	22.31774889047987	27.337795701628988	27.681146407768452	22.66330900012269
50-51	22.329026084144584	27.370303105505982	27.63943567703339	22.661235133316037
52-53	22.37848266032495	27.369717983781232	27.64090821698415	22.610891138909665
54-55	22.315505336552565	27.402059781423233	27.61496716835526	22.667467713668945
56-57	22.5080730502332	27.320405483609672	27.52180275948116	22.649718706675962
58-59	22.43824876516336	27.339842651769956	27.60241880355543	22.619489779511255
60-61	22.297486956141512	27.300489030087977	27.613720300743395	22.78830371302712
62-63	22.57907574603064	27.265073736966823	27.523281213937096	22.632569303065445
64-65	22.453490280080924	27.29871020127217	27.59223309187318	22.655566426773728
66-67	22.450494793454414	27.254218416303594	27.483488860446897	22.811797929795098
68-69	22.568175170949296	27.26973922415212	27.5264335430211	22.635652061877483
70-71	22.61854384598892	27.218488928008544	27.48061884288568	22.68234838311686
72-73	22.505312647981757	27.220084936532725	27.479992043372086	22.79461037211343
74-75	22.649407431028436	27.2354087122078	27.40326954715671	22.71191430960706
76-77	22.55881803742173	27.213557651107124	27.41397240287457	22.813651908596576
78-79	22.56855603383402	27.245050194154302	27.363433520965653	22.822960251046027
80-81	22.63877233847995	27.209999586063123	27.320492509624035	22.830735565832896
82-83	22.649304790891414	27.23973656026306	27.359730010032397	22.751228638813128
84-85	22.639093574499892	27.185615053278887	27.324568686323698	22.850722685897523
86-87	22.719316946950155	27.20004066240182	27.32536933838413	22.755273052263895
88-89	22.653068329807816	27.253539946251532	27.315879510091012	22.77751221384964
90-91	22.64204314137269	27.17715392699826	27.30809073704434	22.872712194584714
92-93	22.729345075183886	27.16627403265943	27.24560068768588	22.858780204470804
94-95	22.771209755372148	27.204083687931245	27.244320080265723	22.780386476430888
96-97	22.710030262973994	27.182889349324885	27.225147397294826	22.88193299040629
98-99	22.777917387854675	27.0841980530512	27.201188160187034	22.936696398907088
100	22.709598719154236	27.116600450103206	27.134672348019574	23.039128482722983
>>END_MODULE
>>Per sequence GC content	warn
#GC Content	Count
0	0.0
1	0.0
2	0.0
3	1.0
4	2.5
5	3.0
6	4.5
7	6.0
8	8.0
9	13.5
10	24.5
11	37.5
12	40.0
13	62.0
14	110.0
15	163.5
16	278.5
17	413.0
18	627.5
19	1034.5
20	1545.5
21	2276.5
22	3299.5
23	4548.0
24	5966.0
25	7814.5
26	10003.0
27	12246.0
28	14468.5
29	16765.5
30	19296.0
31	21897.0
32	24537.0
33	26702.0
34	28517.0
35	30211.5
36	31431.0
37	32893.0
38	34363.0
39	35308.5
40	35523.0
41	34939.5
42	34505.0
43	34276.5
44	33775.5
45	33234.0
46	32644.5
47	31987.0
48	31340.0
49	30139.0
50	28427.0
51	26692.0
52	25139.5
53	23651.5
54	22392.5
55	21170.0
56	20213.5
57	19680.0
58	18867.0
59	18141.0
60	17391.0
61	16699.0
62	15681.0
63	14265.5
64	12959.5
65	11588.5
66	10191.5
67	8778.0
68	7649.0
69	6298.0
70	4821.0
71	3744.0
72	2823.5
73	2115.0
74	1595.0
75	1113.0
76	794.5
77	568.5
78	370.0
79	276.0
80	221.0
81	148.0
82	100.5
83	83.0
84	63.0
85	40.0
86	23.5
87	14.0
88	8.0
89	6.5
90	7.5
91	5.5
92	1.0
93	1.0
94	1.0
95	0.5
96	0.0
97	0.0
98	0.0
99	0.0
100	0.0
>>END_MODULE
>>Per base N content	pass
#Base	N-Count
1	0.028850617703941914
2	0.0019734950220937466
3	0.002161446928959818
4	0.00761205222807588
5	0.0054506052991160625
6	0.010337354877633912
7	0.006578316740312489
8	0.007330124367776774
9	0.008363859855540164
10-11	0.006296388880013382
12-13	0.0126867537134598
14-15	0.00953855927345311
16-17	0.010384342854350428
18-19	0.035851826234703066
20-21	0.018043383059142826
22-23	0.019171094500339252
24-25	0.01968796224422095
26-27	0.027628930309312454
28-29	0.02142651738273211
30-31	0.03599279016485262
32-33	0.040362671999488765
34-35	0.03599279016485262
36-37	0.0507470148538392
38-39	0.037778333280080297
40-41	0.05788918731474991
42-43	0.056902439803703034
44-45	0.05149882248130348
46-47	0.04435665002039278
48-49	0.043839782276511086
50-51	0.029508449377973166
52-53	0.042993998695613767
54-55	0.04642412099591957
56-57	0.05004219520309143
58-59	0.056479548013254374
60-61	0.06301087677685034
62-63	0.03970484032545753
64-65	0.0602855741272923
66-67	0.06850847005268293
68-69	0.07283136391060256
70-71	0.06559521549625881
72-73	0.07870486100016728
74-75	0.09576149654826323
76-77	0.09928559480200207
78-79	0.09679523203602662
80-81	0.10694463500679446
82-83	0.1450988721006069
84-85	0.10877716609873865
86-87	0.1593362290457118
88-89	0.12912296001699083
90-91	0.16516273815855997
92-93	0.13227115445699753
94-95	0.153274780049281
96-97	0.14871694630777876
98-99	0.15214706860808455
100	0.1577856258140667
>>END_MODULE
>>Sequence Length Distribution	pass
#Length	Count
100	1064102.0
>>END_MODULE
>>Sequence Duplication Levels	pass
#Total Deduplicated Percentage	84.27862816784175
#Duplication Level	Percentage of total
1	73.4372214424306
2	15.737185133273915
3	5.735360285855484
4	2.478896255031408
5	1.1901288332249833
6	0.6325119069444367
7	0.35169188020053005
8	0.19560156143044435
9	0.07225364195924595
>10	0.16914905964893312
>50	0.0
>100	0.0
>500	0.0
>1k	0.0
>5k	0.0
>10k+	0.0
>>END_MODULE
>>Overrepresented sequences	pass
>>END_MODULE
>>Adapter Content	pass
#Position	Illumina Universal Adapter	Illumina Small RNA 3' Adapter	Illumina Small RNA 5' Adapter	Nextera Transposase Sequence	PolyA	PolyG
1	0.0	0.0	0.0	0.0	0.11408680746770516	0.0
2	0.0	0.0	0.0	0.0	0.13673501224506673	9.397595343303556E-5
3	0.0	0.0	0.0	0.0	0.15054947739972296	1.8795190686607112E-4
4	0.0	0.0	0.0	0.0	0.16708924520393723	1.8795190686607112E-4
5	0.0	0.0	0.0	0.0	0.18099768631202648	1.8795190686607112E-4
6	0.0	0.0	0.0	0.0	0.19340251216518717	1.8795190686607112E-4
7	0.0	0.0	0.0	0.0	0.20787480899387464	1.8795190686607112E-4
8	0.0	0.0	0.0	0.0	0.22084349056763355	1.8795190686607112E-4
9	0.0	0.0	0.0	0.0	0.23503385953602193	1.8795190686607112E-4
10-11	0.0	0.0	0.0	0.0	0.25829290801069826	1.8795190686607112E-4
12-13	0.0	0.0	0.0	9.397595343303556E-5	0.2835254515074683	1.8795190686607112E-4
14-15	0.0	0.0	0.0	9.397595343303556E-5	0.3067375120054281	3.2891583701562444E-4
16-17	0.0	0.0	0.0	9.397595343303556E-5	0.3221495683684459	5.638557205982133E-4
18-19	0.0	0.0	0.0	1.8795190686607112E-4	0.33680981710399943	7.048196507477666E-4
20-21	0.0	0.0	0.0	1.8795190686607112E-4	0.3508592221422382	9.397595343303555E-4
22-23	0.0	0.0	0.0	1.8795190686607112E-4	0.363358023948832	0.0010337354877633911
24-25	0.0	0.0	0.0	1.8795190686607112E-4	0.3745881503840797	0.0013626513247790156
26-27	0.0	0.0	0.0	1.8795190686607112E-4	0.3869459882605239	0.0015506032316450866
28-29	0.0	0.0	0.0	1.8795190686607112E-4	0.4012303331823453	0.0021144589522433003
30-31	0.0	0.0	0.0	1.8795190686607112E-4	0.4124134716408765	0.0026313266961249956
32-33	0.0	0.0	0.0	3.7590381373214224E-4	0.4229387784253765	0.003007230509857138
34-35	0.0	0.0	0.0	4.2289179044866E-4	0.43435685676749036	0.003524098253738833
36-37	0.0	0.0	0.0	4.6987976716517777E-4	0.44511710343557287	0.004228917904486601
38-39	1.8795190686607112E-4	0.0	0.0	4.6987976716517777E-4	0.4565351817776867	0.0046048217182187426
40-41	2.8192786029910665E-4	0.0	0.0	4.6987976716517777E-4	0.46922193549114655	0.00507470148538392
42-43	3.7590381373214224E-4	0.0	0.0	4.6987976716517777E-4	0.4794653144153474	0.005826509112848204
44-45	3.7590381373214224E-4	0.0	0.0	4.6987976716517777E-4	0.49121230859447684	0.006249400903296865
46-47	3.7590381373214224E-4	0.0	0.0	4.6987976716517777E-4	0.5017376153789768	0.006954220554044631
48-49	3.7590381373214224E-4	0.0	0.0	4.6987976716517777E-4	0.512920753837508	0.007424100321209808
50-51	3.7590381373214224E-4	0.0	0.0	4.6987976716517777E-4	0.5226942529945438	0.00803494401852454
52-53	3.7590381373214224E-4	0.0	0.0	4.6987976716517777E-4	0.5358978744518852	0.008504823785689716
54-55	3.7590381373214224E-4	0.0	0.0	4.6987976716517777E-4	0.5490075199557938	0.009491571296736591
56-57	3.7590381373214224E-4	0.0	0.0	6.108436973147312E-4	0.5585460792292468	0.010713258691366054
58-59	3.7590381373214224E-4	0.0	0.0	7.518076274642845E-4	0.5692123499438964	0.011934946085995515
60-61	3.7590381373214224E-4	0.0	0.0	7.987956041808022E-4	0.5798786206585459	0.013203621457341495
62-63	3.7590381373214224E-4	0.0	0.0	8.4578358089732E-4	0.5904039274430459	0.014425308851970957
64-65	5.168677438816956E-4	0.0	0.0	8.4578358089732E-4	0.600130438623365	0.015553020293167383
66-67	8.927715576138378E-4	0.0	0.0	8.4578358089732E-4	0.610467793500999	0.0169156716179464
68-69	0.0010337354877633911	0.0	0.0	8.4578358089732E-4	0.6206171964717668	0.018043383059142826
70-71	0.0013156633480624978	0.0	0.0	8.4578358089732E-4	0.6307196114658181	0.01950001033735488
72-73	0.001503615254928569	0.0	0.0	8.4578358089732E-4	0.6414798581339007	0.020862661662133894
74-75	0.002255422882392853	0.0	0.0	8.4578358089732E-4	0.6521931168252668	0.023212060497959784
76-77	0.003853014090754458	0.0	0.0	8.4578358089732E-4	0.662295531819318	0.025608447310502186
78-79	0.005544581252549098	0.0	0.0	8.4578358089732E-4	0.6738075861148649	0.02870965377379236
80-81	0.007330124367776773	0.0	0.0	8.4578358089732E-4	0.6856485562474274	0.03204580012066513
82-83	0.009256631413154002	0.0	0.0	8.4578358089732E-4	0.6970196466128247	0.03477110277022316
84-85	0.013391573364207567	0.0	0.0	8.4578358089732E-4	0.7074039894671751	0.03763736934993074
86-87	0.019171094500339256	0.0	0.0	8.4578358089732E-4	0.7176943563680925	0.04059761188307136
88-89	0.02621929100781692	0.0	0.0	8.4578358089732E-4	0.7287835188731908	0.044685565857408405
>>END_MODULE
