##FastQC	0.12.1
>>Basic Statistics	pass
#Measure	Value
Filename	HG00158.GRCh38DH.exome.chr21.fq
File type	Conventional base calls
Encoding	Sanger / Illumina 1.9
Total Sequences	2051851
Total Bases	155.9 Mbp
Sequences flagged as poor quality	0
Sequence length	76
%GC	45
>>END_MODULE
>>Per base sequence quality	fail
#Base	Mean	Median	Lower Quartile	Upper Quartile	10th Percentile	90th Percentile
1	27.97643249924093	27.0	27.0	33.0	27.0	33.0
2	28.80634802429611	27.0	27.0	33.0	27.0	33.0
3	28.4816397486952	27.0	27.0	33.0	27.0	33.0
4	27.335104742010994	27.0	27.0	27.0	27.0	33.0
5	30.645533715654793	33.0	33.0	33.0	27.0	33.0
6	31.23307978990677	33.0	33.0	33.0	27.0	33.0
7	31.32645889004611	33.0	33.0	33.0	27.0	33.0
8	31.282715947697955	33.0	33.0	33.0	27.0	33.0
9	31.178169369998113	33.0	33.0	33.0	27.0	33.0
10-11	31.094401835220978	33.0	33.0	33.0	27.0	33.0
12-13	31.019094222728647	33.0	33.0	33.0	27.0	33.0
14-15	30.902632062464576	33.0	33.0	33.0	27.0	33.0
16-17	30.94972173905415	33.0	33.0	33.0	27.0	33.0
18-19	30.996835540202483	33.0	33.0	33.0	27.0	33.0
20-21	30.94490681828261	33.0	33.0	33.0	27.0	33.0
22-23	30.585706759408943	33.0	33.0	33.0	24.5	33.0
24-25	30.721838963940364	33.0	33.0	33.0	27.0	33.0
26-27	30.517852417158945	33.0	33.0	33.0	24.5	33.0
28-29	30.44827889549485	33.0	33.0	33.0	22.0	33.0
30-31	30.360658010742497	33.0	33.0	33.0	22.0	33.0
32-33	29.966832143269663	33.0	33.0	33.0	18.5	33.0
34-35	30.09055823254223	33.0	33.0	33.0	18.5	33.0
36-37	29.82995695106516	33.0	33.0	33.0	15.0	33.0
38-39	29.704353776175758	33.0	33.0	33.0	15.0	33.0
40-41	29.63054773470393	33.0	33.0	33.0	6.0	35.0
42-43	29.427859040446894	33.0	33.0	33.0	6.0	35.0
44-45	28.776012488236233	33.0	30.0	33.0	6.0	35.0
46-47	27.61214508265951	33.0	27.0	33.0	6.0	33.0
48-49	23.598040013626722	33.0	6.0	33.0	6.0	33.0
50-51	23.902239002734603	33.0	6.0	33.0	6.0	33.0
52-53	23.759723050065528	33.0	6.0	33.0	6.0	33.0
54-55	23.681938893223727	33.0	6.0	33.0	6.0	33.0
56-57	23.34019161235392	33.0	6.0	33.0	6.0	33.0
58-59	22.79726500608475	30.0	6.0	33.0	6.0	33.0
60-61	22.87363556125664	33.0	6.0	33.0	6.0	33.0
62-63	22.50020859214436	33.0	6.0	33.0	6.0	33.0
64-65	22.174936679125338	33.0	6.0	33.0	6.0	33.0
66-67	21.761205370175514	30.0	6.0	33.0	6.0	33.0
68-69	21.27531604390377	27.0	6.0	33.0	6.0	33.0
70-71	20.770075897323927	27.0	6.0	33.0	6.0	33.0
72-73	19.219617067711056	24.5	6.0	30.0	6.0	33.0
74-75	17.305065523763666	22.0	6.0	27.0	6.0	33.0
76	17.61825249494237	6.0	6.0	33.0	6.0	33.0
>>END_MODULE
>>Per sequence quality scores	pass
#Quality	Count
2	10.0
3	60.0
4	150.0
5	709.0
6	67814.0
7	8085.0
8	10236.0
9	9125.0
10	10752.0
11	9900.0
12	12843.0
13	13457.0
14	15375.0
15	17654.0
16	19465.0
17	23133.0
18	25755.0
19	32891.0
20	43084.0
21	88579.0
22	188318.0
23	62794.0
24	39415.0
25	44025.0
26	48829.0
27	54525.0
28	66986.0
29	83344.0
30	112952.0
31	190378.0
32	569606.0
33	181600.0
34	2.0
>>END_MODULE
>>Per base sequence content	pass
#Base	G	A	T	C
1	20.49925717966208	29.608374976291675	28.080997890263472	21.811369953782776
2	22.465580573977263	29.566187003357353	27.209508235406542	20.75872418725884
3	22.508567271365518	27.868890028807876	27.68920650586007	21.933336193966536
4	22.594466292833918	27.65121219115733	27.74163670815719	22.012684807851564
5	22.50350314527351	27.774066876189046	27.99620090355307	21.726229074984374
6	22.539197619167147	27.794693132929023	27.32026169275617	22.34584755514766
7	22.51897588467614	27.772906438275307	27.689267786495282	22.01884989055327
8	21.87528179432	27.797532151970305	28.128836972389642	22.19834908132005
9	21.934353692257528	27.58712458526899	28.233537122416262	22.244984600057222
10-11	22.060328892979143	27.72867791573726	28.080178875040946	22.13081431624265
12-13	21.849708249563186	27.68907965477884	28.218108098161515	22.243103997496462
14-15	21.98270662160578	27.616178538205283	28.11666730438203	22.284447535806905
16-17	22.110301440297622	27.530513768059777	28.087997227328366	22.271187564314236
18-19	22.094234763872034	27.391384986886724	28.039457063244726	22.474923185996516
20-21	22.180658766820645	27.411268102730496	27.96804832724628	22.440024803202576
22-23	22.216679027152207	27.444689162831587	27.85379158198536	22.48484022803085
24-25	22.27307876682533	27.353864473225332	27.80976993188104	22.563286828068296
26-27	22.41558057954866	27.36381444811469	27.696890912644623	22.523714059692022
28-29	22.39772788752907	27.425000938265082	27.703117330901478	22.47415384330437
30-31	22.398296456198036	27.35688492062525	27.6737649283066	22.571053694870116
32-33	22.52619794315593	27.41157425018966	27.54733736390485	22.514890442749564
34-35	22.55561171300306	27.42094512496765	27.513864851389357	22.50957831063993
36-37	22.590214422756606	27.39946519203349	27.45266330516977	22.55765708004013
38-39	22.619523427020617	27.318770081417476	27.482833312537043	22.57887317902486
40-41	22.66984895735222	27.370226167972405	27.410752123226196	22.549172751449177
42-43	22.644849395814052	27.332925880057644	27.417755117657006	22.604469606471294
44-45	22.684236629082317	27.32966710250377	27.38762165765138	22.598474610762537
46-47	22.77150499960393	27.34691340722551	27.296630979873626	22.584950613296936
48-49	22.548152806775704	26.620838772348716	26.47297068355473	24.35803773732085
50-51	22.44450625245441	26.906505580150103	27.73725723732659	22.911730930068895
52-53	22.889526464690388	26.67752620047369	27.57242620883405	22.860521126001874
54-55	23.04399147044207	26.59803081179719	27.567830531946967	22.790147185813773
56-57	22.94292066391975	26.617403838045384	27.603261592785422	22.836413905249444
58-59	23.046791691822246	26.677798898849836	27.48039692882984	22.795012480498077
60-61	23.186093272078086	26.536089006958242	27.391428327707434	22.886389393256238
62-63	23.149087560954985	26.502516430336758	27.476723841907102	22.871672166801154
64-65	23.171035474475683	26.546168001072402	27.35483006129736	22.927966463154558
66-67	23.309867323792915	26.483968413490455	27.275044571446394	22.931119691270236
68-69	23.299733806739113	26.494150426245554	27.224049325450384	22.98206644156495
70-71	23.440502847148476	26.508837579093893	27.122967615163702	22.927691958593932
72-73	23.521115740421386	26.4711696452228	27.026353756383447	22.981360857972366
74-75	23.623169331783252	26.449240923127164	26.97256404444542	22.95502570064416
76	24.71697411775755	25.507695408191218	26.857815936323583	22.917514537727655
>>END_MODULE
>>Per sequence GC content	warn
#GC Content	Count
0	0.0
1	0.0
2	0.0
3	0.0
4	0.0
5	2.0
6	7.0
7	11.0
8	12.0
9	22.0
10	50.5
11	117.0
12	165.0
13	237.0
14	457.0
15	888.0
16	1655.5
17	2140.0
18	2845.0
19	4668.5
20	7254.5
21	8722.0
22	10736.5
23	15283.0
24	20863.5
25	23912.0
26	27084.5
27	33802.5
28	40688.0
29	44028.0
30	48104.5
31	55730.5
32	62756.5
33	66233.0
34	69139.0
35	74685.0
36	79151.5
37	80978.0
38	82640.5
39	83989.5
40	83557.5
41	83634.5
42	83830.0
43	83144.0
44	82087.5
45	80172.5
46	78628.0
47	77149.0
48	73560.5
49	69300.5
50	67150.0
51	65420.5
52	62011.0
53	59185.0
54	58039.0
55	56918.0
56	54406.0
57	51497.0
58	49979.0
59	48260.5
60	44732.0
61	40832.5
62	38743.0
63	36536.0
64	32334.5
65	28534.5
66	24770.0
67	22811.0
68	20990.5
69	17173.5
70	13509.0
71	11841.0
72	10525.5
73	8122.5
74	6086.0
75	5137.0
76	4447.0
77	3275.5
78	2367.5
79	1941.0
80	1613.0
81	1071.0
82	705.0
83	553.0
84	448.0
85	278.5
86	161.5
87	109.0
88	81.5
89	40.5
90	22.5
91	13.0
92	8.0
93	4.5
94	1.0
95	0.5
96	0.0
97	0.0
98	0.0
99	0.0
100	0.0
>>END_MODULE
>>Per base N content	pass
#Base	N-Count
1	0.04308305037743969
2	0.040402543849431566
3	0.049857421420951134
4	0.12807947555646096
5	0.040792435708050925
6	0.006433215667219501
7	0.008187729031006638
8	0.012963904299093842
9	0.0107220261120325
10-11	0.017691343084853626
12-13	0.017277082985070552
14-15	0.01250090771698335
16-17	0.019494592930968183
18-19	0.014840258868699531
20-21	0.02451445061069249
22-23	0.013963002186805962
24-25	0.010697657870868791
26-27	0.0107220261120325
28-29	0.009357404606864728
30-31	0.0062382697379098195
32-33	0.005629063708817063
34-35	0.0038989185861936374
36-37	0.00421570572132187
38-39	0.009893505912466355
40-41	0.0038745503450299265
42-43	0.003996391550848478
44-45	0.011867333446726882
46-47	0.021370947500573872
48-49	0.03404243290570319
50-51	0.033944959941048354
52-53	0.024587555334183622
54-55	0.019324015242822214
56-57	0.016472931026668115
58-59	0.021955785288502918
60-61	0.01588809323873907
62-63	0.011428705105780099
64-65	0.01832491735511009
66-67	0.004337546927140421
68-69	0.016277985097358436
70-71	0.02010379896006094
72-73	0.026780697038917542
74-75	0.01686282288528748
76	0.3662546646905648
>>END_MODULE
>>Sequence Length Distribution	pass
#Length	Count
76	2051851.0
>>END_MODULE
>>Sequence Duplication Levels	pass
#Total Deduplicated Percentage	92.37558976712103
#Duplication Level	Percentage of total
1	86.50724923531504
2	9.595510908416435
3	2.1277123929915884
4	0.8032453884038967
5	0.39211854799217316
6	0.2551679905086221
7	0.1513267133644047
8	0.0705075789509753
9	0.026242149270711702
>10	0.07091909478617398
>50	0.0
>100	0.0
>500	0.0
>1k	0.0
>5k	0.0
>10k+	0.0
>>END_MODULE
>>Overrepresented sequences	pass
>>END_MODULE
>>Adapter Content	pass
#Position	Illumina Universal Adapter	Illumina Small RNA 3' Adapter	Illumina Small RNA 5' Adapter	Nextera Transposase Sequence	PolyA	PolyG
1	0.0	0.0	0.0	0.0	0.054292441312746395	4.873648232742046E-5
2	0.0	0.0	0.0	0.0	0.065258149836416	2.9241889396452276E-4
3	0.0	0.0	0.0	0.0	0.07325093293811295	3.8989185861936366E-4
4	0.0	0.0	0.0	0.0	0.08182855382773896	3.8989185861936366E-4
5	0.0	0.0	0.0	0.0	0.09030870175271011	3.8989185861936366E-4
6	0.0	0.0	0.0	0.0	0.09942242394793774	5.848377879290455E-4
7	0.0	0.0	0.0	4.873648232742046E-5	0.10717152463799759	7.31047234911307E-4
8	0.0	0.0	0.0	9.747296465484092E-5	0.11462820643409292	8.772566818935683E-4
9	0.0	0.0	0.0	9.747296465484092E-5	0.12315709084139151	0.00107220261120325
10	0.0	0.0	0.0	9.747296465484092E-5	0.130516299672832	0.001462094469822614
11	0.0	0.0	0.0	1.4620944698226138E-4	0.1369982518223789	0.0017057768814597162
12	0.0	0.0	0.0	1.4620944698226138E-4	0.14323652156028874	0.0019007228107693979
13	0.0	0.0	0.0	1.4620944698226138E-4	0.14913363592190662	0.0019494592930968185
14	0.0	0.0	0.0	1.4620944698226138E-4	0.15527443269516158	0.002339351151716182
15	0.0	0.0	0.0	1.4620944698226138E-4	0.16092786464514236	0.0024855605986984436
16	0.0	0.0	0.0	1.4620944698226138E-4	0.16589898584253926	0.0026805065280081255
17	0.0	0.0	0.0	1.4620944698226138E-4	0.17072389759295387	0.0030216619043000686
18	0.0	0.0	0.0	1.4620944698226138E-4	0.17603617416664272	0.0037527091392113754
19	0.0	0.0	0.0	1.4620944698226138E-4	0.18129971425800412	0.004142600997830739
20	0.0	0.0	0.0	1.4620944698226138E-4	0.18641704490238326	0.004629965821104943
21	0.0	0.0	0.0	1.4620944698226138E-4	0.19133942961745273	0.005361013056016251
22	0.0	0.0	0.0	1.4620944698226138E-4	0.1963105508148496	0.005994587326272716
23	0.0	0.0	0.0	1.4620944698226138E-4	0.20074557070664487	0.006725634561184024
24	0.0	0.0	0.0	1.9494592930968183E-4	0.2045957528105111	0.007797837172387274
25	0.0	0.0	0.0	1.9494592930968183E-4	0.2089332997376515	0.008626357371953422
26	1.9494592930968183E-4	0.0	0.0	1.9494592930968183E-4	0.21380694797039357	0.009162458677555047
27	1.9494592930968183E-4	0.0	0.0	1.9494592930968183E-4	0.21897301509710013	0.009698559983156671
28	2.9241889396452276E-4	0.0	0.0	1.9494592930968183E-4	0.22355424443587765	0.010332134253413137
29	2.9241889396452276E-4	0.0	0.0	1.9494592930968183E-4	0.22789179136301807	0.011014445005997024
30	3.4115537629194324E-4	0.0	0.0	1.9494592930968183E-4	0.23164450050222946	0.01155054631159865
31	3.4115537629194324E-4	0.0	0.0	2.436824116371023E-4	0.2372491959698828	0.012427802993492217
32	3.4115537629194324E-4	0.0	0.0	2.436824116371023E-4	0.24134306048538612	0.013500005604695468
33	3.4115537629194324E-4	0.0	0.0	2.9241889396452276E-4	0.24543692500088943	0.014279789321934196
34	5.36101305601625E-4	0.0	0.0	2.9241889396452276E-4	0.24904342469311855	0.015059573039172922
35	6.33574270256466E-4	0.0	0.0	2.9241889396452276E-4	0.25264992438534767	0.015985566203393912
36	9.259931642209888E-4	0.0	0.0	2.9241889396452276E-4	0.25732862668878004	0.017496397155543946
37	9.259931642209888E-4	0.0	0.0	2.9241889396452276E-4	0.26093512638100913	0.018617336249074617
38	0.0010234661288758297	0.0	0.0	2.9241889396452276E-4	0.26449288959091083	0.01998195775424239
39	0.0012184120581855116	0.0	0.0	2.9241889396452276E-4	0.26858675410641414	0.020859214436135958
40	0.0015595674344774546	0.0	0.0	2.9241889396452276E-4	0.27214451731631584	0.02232130890595857
41	0.0018519863284419775	0.0	0.0	2.9241889396452276E-4	0.2760434359025095	0.02519676136327638
42	0.0019494592930968185	0.0	0.0	2.9241889396452276E-4	0.2815993948878354	0.027048747691718354
43	0.0020469322577516594	0.0	0.0	2.9241889396452276E-4	0.2871553538731614	0.02963178125507164
44	0.0021444052224065	0.0	0.0	2.9241889396452276E-4	0.29329615064641634	0.032409760747734606
45	0.0026805065280081255	0.0	0.0	2.9241889396452276E-4	0.3012889337481133	0.03494405782876047
46	0.0027779794926629663	0.0	0.0	2.9241889396452276E-4	0.30952539926144734	0.04030507088477672
47	0.002924188939645228	0.0	0.0	3.4115537629194324E-4	0.32000374296184275	0.050296049761897915
48	0.0032166078336097505	0.0	0.0	3.4115537629194324E-4	0.3366716199178205	0.07110652771570646
49	0.003996391550848478	0.0	0.0	3.4115537629194324E-4	0.3598701855056727	0.10804878131989117
50	0.004288810444813	0.0	0.0	3.4115537629194324E-4	0.371030839958652	0.1202816383840737
51	0.0049223847150694664	0.0	0.0	3.4115537629194324E-4	0.3839947442577458	0.13748561664565312
52	0.005897114361617876	0.0	0.0	3.4115537629194324E-4	0.39861568895597194	0.1633646887615134
53	0.006725634561184024	0.0	0.0	3.4115537629194324E-4	0.41299295124256097	0.18110476832869443
54	0.007456681796095331	0.0	0.0	3.4115537629194324E-4	0.42668790277656615	0.20191524628250296
55	0.008918776265917944	0.0	0.0	3.4115537629194324E-4	0.43916444225238577	0.2200939541906308
56	0.010478343700395399	0.0	0.0	3.4115537629194324E-4	0.4530056032333732	0.24051454028581998
57	0.012915167816766422	0.0	0.0	3.4115537629194324E-4	0.467821493860909	0.26337195049738016
58	0.016424194544340694	0.0	0.0	3.4115537629194324E-4	0.4830760128293916	0.2850596851330823
59	0.020615532024498853	0.0	0.0	3.4115537629194324E-4	0.49725832918667096	0.3077708858976602
60	0.026074018045169945	0.0	0.0	3.4115537629194324E-4	0.5110020172030035	0.33145681630878654
61	0.03353069984126528	0.0	0.0	3.8989185861936366E-4	0.524843178183991	0.35280339556819673
62	0.04303431389511227	0.0	0.0	3.8989185861936366E-4	0.5361500420839524	0.37288282628709396
63	0.05278161036059636	0.0	0.0	3.8989185861936366E-4	0.5489190004537366	0.39500918926374284
64	0.06696392671787571	0.0	0.0	4.3862834094678414E-4	0.5609569115886095	0.4173792346520288
65	0.08567873593160517	0.0	0.0	4.873648232742046E-4	0.573530924029084	0.4411139015454826
>>END_MODULE
