##FastQC	0.12.1
>>Basic Statistics	pass
#Measure	Value
Filename	HG00108.GRCh38DH.exome.chr21.fq
File type	Conventional base calls
Encoding	Sanger / Illumina 1.9
Total Sequences	1369429
Total Bases	123.2 Mbp
Sequences flagged as poor quality	0
Sequence length	90
%GC	44
>>END_MODULE
>>Per base sequence quality	pass
#Base	Mean	Median	Lower Quartile	Upper Quartile	10th Percentile	90th Percentile
1	28.82500151523007	27.0	27.0	33.0	27.0	33.0
2	29.124895120521035	27.0	27.0	33.0	27.0	33.0
3	28.973917596312038	27.0	27.0	33.0	27.0	33.0
4	28.215846166540945	27.0	27.0	33.0	27.0	33.0
5	29.44110428507064	27.0	27.0	33.0	27.0	33.0
6	31.381754731351535	33.0	27.0	33.0	27.0	33.0
7	31.389093556511508	33.0	27.0	33.0	27.0	33.0
8	31.422972640421666	33.0	27.0	33.0	27.0	33.0
9	31.348916227128242	33.0	27.0	33.0	27.0	33.0
10-11	31.596073984120387	33.0	33.0	33.0	27.0	33.0
12-13	31.896331609743918	33.0	33.0	33.0	27.0	33.0
14-15	32.06481277963297	33.0	33.0	33.0	27.0	33.0
16-17	32.03935326329441	33.0	33.0	33.0	27.0	33.0
18-19	32.02658005635926	33.0	33.0	33.0	27.0	33.0
20-21	32.02052169188764	33.0	33.0	33.0	27.0	33.0
22-23	31.946265195201796	33.0	33.0	33.0	27.0	33.0
24-25	31.87407598349385	33.0	33.0	33.0	27.0	33.0
26-27	31.77460167704934	33.0	33.0	33.0	27.0	33.0
28-29	31.66106640066772	33.0	33.0	33.0	27.0	33.0
30-31	31.6717146343476	33.0	33.0	33.0	27.0	33.0
32-33	31.637872427121085	33.0	33.0	33.0	27.0	33.0
34-35	31.62663489673433	33.0	33.0	33.0	27.0	33.0
36-37	31.37575953189249	33.0	33.0	33.0	27.0	33.0
38-39	31.461234938065427	33.0	33.0	33.0	27.0	33.0
40-41	31.47112482647877	33.0	33.0	33.0	27.0	33.0
42-43	31.342664351346436	33.0	33.0	33.0	27.0	33.0
44-45	31.287990834135982	33.0	33.0	33.0	27.0	33.0
46-47	31.24787739999664	33.0	33.0	33.0	27.0	33.0
48-49	31.153823235815803	33.0	33.0	33.0	27.0	33.0
50-51	30.985265026518352	33.0	33.0	33.0	27.0	33.0
52-53	31.070259575341254	33.0	33.0	33.0	27.0	33.0
54-55	30.892730473796014	33.0	33.0	33.0	27.0	33.0
56-57	30.866983976533284	33.0	33.0	33.0	27.0	33.0
58-59	30.78954549669972	33.0	33.0	33.0	27.0	33.0
60-61	30.73817299034853	33.0	33.0	33.0	27.0	35.0
62-63	30.579395864991906	33.0	33.0	33.0	27.0	37.0
64-65	30.52633141258145	33.0	33.0	33.0	22.0	37.0
66-67	30.336099206311538	33.0	33.0	33.0	22.0	37.0
68-69	30.217787121493703	33.0	33.0	33.0	22.0	37.0
70-71	30.19296071574357	33.0	33.0	33.0	22.0	37.0
72-73	29.886837506727257	33.0	33.0	33.0	15.0	37.0
74-75	29.842087468572668	33.0	30.0	33.0	15.0	37.0
76-77	29.72001359690791	33.0	33.0	33.0	6.0	37.0
78-79	29.328236440151333	33.0	30.0	33.0	6.0	35.0
80-81	29.288268322052474	33.0	30.0	33.0	6.0	37.0
82-83	29.038142174585175	33.0	27.0	33.0	6.0	37.0
84-85	28.493018623090354	33.0	27.0	33.0	6.0	33.0
86-87	26.609649350203625	30.0	27.0	33.0	6.0	33.0
88-89	26.063301930950786	30.0	27.0	33.0	6.0	33.0
90	25.85362585427941	27.0	27.0	33.0	6.0	33.0
>>END_MODULE
>>Per sequence quality scores	pass
#Quality	Count
6	6264.0
7	1273.0
8	1975.0
9	1950.0
10	2384.0
11	3197.0
12	3801.0
13	3839.0
14	4695.0
15	5089.0
16	5777.0
17	6296.0
18	7080.0
19	7452.0
20	8650.0
21	9992.0
22	11049.0
23	12544.0
24	14525.0
25	16643.0
26	20177.0
27	25454.0
28	33741.0
29	48946.0
30	85601.0
31	220531.0
32	734992.0
33	65509.0
34	3.0
>>END_MODULE
>>Per base sequence content	pass
#Base	G	A	T	C
1	18.011262110936617	29.98679604495486	30.664540581324957	21.337401262783565
2	22.303659874299086	30.163983752068603	28.477698531054962	19.05465784257735
3	21.57203543623063	28.901735370432174	28.560328276613507	20.96590091672369
4	21.799721791173884	28.05803225702755	28.469354654883706	21.672891296914862
5	21.925451959000185	27.99378109089422	28.780199974878997	21.3005669752266
6	22.131973542199432	27.922793929719457	27.677508678818718	22.267723849262392
7	22.430883147609936	27.84901637189467	28.14125688247579	21.5788435980196
8	21.78434584233675	28.134194351195095	28.29236731471819	21.789092491749958
9	21.599296049773077	27.871609409857495	28.579795021961935	21.949299518407493
10-11	21.80253138674938	28.228339628635013	28.211617067965527	21.757511916650085
12-13	21.55394904812122	28.339024839113936	28.19657896197451	21.910447150790336
14-15	21.554389160363435	28.33894824326229	28.29483717978399	21.81182541659029
16-17	21.663083049729213	28.240982630320065	28.303819153492356	21.792115166458366
18-19	21.65485211885989	28.04763304373543	28.25421572153327	22.043299115871413
20-21	21.752852705049357	27.964140551861323	28.194460063589798	22.08854667949952
22-23	21.83326912789541	27.931592909528757	28.176498618822354	22.05863934375348
24-25	21.927608689936815	27.91380755827031	28.042887356241252	22.11569639555162
26-27	22.002751758920212	27.901725399581977	28.021749703864586	22.073773137633225
28-29	21.968263312544142	27.931783505132053	28.021292182470614	22.07866099985319
30-31	21.963084001241487	27.828273054242054	27.99193033063736	22.2167126138791
32-33	22.065479942531212	27.837229227275618	27.892265744205464	22.20502508598771
34-35	22.10398921368273	27.84214493456486	27.886515788720235	22.167350063032178
36-37	22.15565428744127	27.71876386705161	27.846226609764962	22.27935523574216
38-39	22.16230928859531	27.68059127842404	27.875650318583034	22.281449114397613
40-41	22.179976549572817	27.6847269047993	27.865061420394564	22.270235125233317
42-43	22.196367685124372	27.607397595942047	27.848855431413188	22.34737928752039
44-45	22.285091060555406	27.60213598157049	27.76037984372916	22.35239311414494
46-47	22.319473476260633	27.60802972825489	27.79216829929133	22.280328496193142
48-49	22.327073200309158	27.577885181543373	27.70875916994552	22.386282448201953
50-51	22.371138200838946	27.516331584405695	27.694195442754616	22.418334772000744
52-53	22.366025646412123	27.500203679232428	27.736508123239272	22.39726255111618
54-55	22.378351720610798	27.501753488711916	27.68126689559436	22.438627895082924
56-57	22.47779832760978	27.496868514885193	27.605470500844014	22.419862656661014
58-59	22.467704845222862	27.47159107511235	27.65520082750399	22.405503252160802
60-61	22.514252139921993	27.395057406837665	27.590103998053188	22.50058645518715
62-63	22.626961526588723	27.346242435644758	27.555971205675572	22.470824832090948
64-65	22.54544099302628	27.380093728328152	27.52917043925745	22.545294839388113
66-67	22.62310378413846	27.345221072044694	27.50538696650034	22.526288177316506
68-69	22.62201067409594	27.33533751193246	27.53995662118723	22.502695192784373
70-71	22.669664011833472	27.34721797939374	27.49612298859479	22.486995020178
72-73	22.715203695266226	27.294423961062613	27.423182446462373	22.567189897208785
74-75	22.775824510742236	27.317928652581948	27.368286032843393	22.537960803832423
76-77	22.742492023985772	27.344319747924335	27.350384880136914	22.562803347952983
78-79	22.808899016059915	27.273644086128375	27.36937800721439	22.54807889059732
80-81	22.856727403455686	27.16681932154012	27.372474115956567	22.603979159047626
82-83	22.817853775885048	27.29064856309737	27.328344039895843	22.56315362112174
84-85	22.915923784693806	27.213885706268854	27.275666693946267	22.594523815091076
86-87	22.96865295385627	27.254393336012566	27.175843045559166	22.60111066457199
88-89	23.00816507272132	27.216129635691903	27.185987408221486	22.58971788336529
90	22.969769101898958	27.117576618379935	27.159002819465783	22.753651460255323
>>END_MODULE
>>Per sequence GC content	warn
#GC Content	Count
0	0.0
1	1.5
2	3.0
3	4.0
4	8.0
5	12.0
6	15.5
7	24.5
8	35.0
9	54.0
10	69.0
11	80.0
12	104.0
13	141.5
14	265.0
15	423.5
16	650.5
17	1035.0
18	1733.0
19	2821.5
20	3429.0
21	4284.5
22	6025.0
23	7978.5
24	10608.0
25	13908.0
26	17747.0
27	21660.5
28	25293.5
29	29205.0
30	31297.0
31	33262.5
32	36539.0
33	39293.0
34	41999.5
35	44219.0
36	45889.0
37	47003.5
38	47561.5
39	47693.5
40	47668.0
41	48008.0
42	47947.5
43	47570.5
44	46966.5
45	45904.0
46	45268.0
47	43990.5
48	41939.5
49	39877.0
50	38789.0
51	37953.5
52	36017.5
53	34223.0
54	32699.5
55	31420.0
56	30656.0
57	29319.0
58	27265.0
59	25487.0
60	24740.0
61	23556.0
62	21287.5
63	18897.0
64	16309.5
65	14106.0
66	12198.0
67	10112.5
68	8077.0
69	6370.5
70	5600.0
71	4870.0
72	3640.0
73	2694.5
74	1970.0
75	1483.5
76	1087.5
77	780.0
78	588.5
79	429.0
80	342.0
81	293.0
82	211.0
83	146.5
84	89.0
85	48.0
86	33.5
87	24.5
88	13.5
89	7.0
90	2.0
91	4.5
92	4.5
93	1.5
94	1.0
95	0.5
96	0.0
97	0.0
98	0.0
99	0.0
100	0.0
>>END_MODULE
>>Per base N content	pass
#Base	N-Count
1	0.12099933621969448
2	0.010734400980262576
3	0.007010221048334744
4	0.049144570474263356
5	0.004162318747448755
6	2.1906940776046074E-4
7	6.572082232813823E-4
8	0.00306697170864645
9	0.00102232390288215
10-11	0.0015699974222833021
12-13	0.01000416962106104
14-15	0.011537655475384266
16-17	1.8255783980038396E-4
18-19	1.0953470388023037E-4
20-21	0.0019716246698441467
22-23	0.00923742669389943
24-25	0.008835799446338582
26-27	0.00898184571817889
28-29	0.021030663145004232
30-31	0.007594406135695973
32-33	0.02468181994101191
34-35	0.020957640009084077
36-37	0.029318789071941662
38-39	0.06345710511461347
40-41	0.04264551137736969
42-43	0.04819526970730136
44-45	0.07094197654642921
46-47	0.10497075788522077
48-49	0.04052784043568524
50-51	0.05005735967326528
52-53	0.062471292779691386
54-55	0.05323386608579196
56-57	0.048888989498542826
58-59	0.036000406008635716
60-61	0.07579801508511942
62-63	0.05524200232359618
64-65	0.0734612747356745
66-67	0.06192361926029024
68-69	0.057578742673041104
70-71	0.08083661146361001
72-73	0.07123406909010982
74-75	0.0882484597595056
76-77	0.06944500226006606
78-79	0.07689336212392173
80-81	0.06378570922625415
82-83	0.0412215602269267
84-85	0.06462547528933592
86-87	0.064187336473815
88-89	0.06696221563878084
90	0.05330688922171212
>>END_MODULE
>>Sequence Length Distribution	pass
#Length	Count
90	1369429.0
>>END_MODULE
>>Sequence Duplication Levels	pass
#Total Deduplicated Percentage	79.2594160356903
#Duplication Level	Percentage of total
1	66.71854413809001
2	16.697068888983928
3	6.943665999999289
4	3.7547163044946394
5	2.2021711610895984
6	1.3109066459204128
7	0.7822314660364827
8	0.5669513098343831
9	0.3690320578845892
>10	0.654712027666662
>50	0.0
>100	0.0
>500	0.0
>1k	0.0
>5k	0.0
>10k+	0.0
>>END_MODULE
>>Overrepresented sequences	pass
>>END_MODULE
>>Adapter Content	pass
#Position	Illumina Universal Adapter	Illumina Small RNA 3' Adapter	Illumina Small RNA 5' Adapter	Nextera Transposase Sequence	PolyA	PolyG
1	0.0	0.0	0.0	0.0	0.0766012695802411	7.302313592015359E-5
2	0.0	0.0	0.0	0.0	0.09084078108467106	2.9209254368061434E-4
3	0.0	0.0	0.0	0.0	0.10296262164741656	3.651156796007679E-4
4	0.0	0.0	0.0	0.0	0.1142081845791202	5.841850873612287E-4
5	0.0	0.0	0.0	0.0	0.126476071413706	8.032544951216894E-4
6	0.0	0.0	0.0	0.0	0.13721047239396858	9.493007669619966E-4
7	0.0	0.0	0.0	0.0	0.14962440550039469	9.493007669619966E-4
8	0.0	0.0	0.0	0.0	0.16035880648065726	9.493007669619966E-4
9	0.0	0.0	0.0	0.0	0.17204250822788184	9.493007669619966E-4
10-11	3.651156796007679E-5	0.0	0.0	0.0	0.18898387576135747	0.0013144164465627645
12-13	7.302313592015359E-5	0.0	0.0	0.0	0.2118766288723256	0.0018255783980038395
14-15	7.302313592015359E-5	0.0	0.0	0.0	0.2323596184979287	0.0021541825096445307
16-17	7.302313592015359E-5	0.0	0.0	0.0	0.24849773153628266	0.0027018560290456824
18-19	7.302313592015359E-5	0.0	0.0	3.651156796007679E-5	0.26412468262319555	0.0035051105241673724
20-21	7.302313592015359E-5	0.0	0.0	7.302313592015359E-5	0.2812851195644316	0.003943249339688293
22-23	7.302313592015359E-5	0.0	0.0	7.302313592015359E-5	0.2953055616611011	0.004490922859089445
24-25	7.302313592015359E-5	0.0	0.0	1.4604627184030717E-4	0.3072448443840462	0.005075107946450674
26-27	7.302313592015359E-5	0.0	0.0	1.4604627184030717E-4	0.3194397080827118	0.005586269897891748
28-29	7.302313592015359E-5	0.0	0.0	2.1906940776046077E-4	0.3321457337328186	0.006060920281372747
30-31	1.4604627184030717E-4	0.0	0.0	2.9209254368061434E-4	0.3444866437033245	0.007083244184254898
32-33	2.1906940776046074E-4	0.0	0.0	2.9209254368061434E-4	0.35649894956218975	0.008105568087137048
34-35	2.1906940776046074E-4	0.0	0.0	2.9209254368061434E-4	0.37022729911517865	0.009237426693899427
36-37	2.1906940776046074E-4	0.0	0.0	2.9209254368061434E-4	0.38253169751772453	0.01058835470842227
38-39	2.1906940776046074E-4	0.0	0.0	2.9209254368061434E-4	0.39374074888146815	0.012012305858865265
40-41	2.1906940776046074E-4	0.0	0.0	2.9209254368061434E-4	0.4057530547403334	0.013399745441348181
42-43	2.9209254368061434E-4	0.0	0.0	3.651156796007679E-4	0.4176193143273583	0.014933231295671407
44-45	2.9209254368061434E-4	0.0	0.0	3.651156796007679E-4	0.4296681317541837	0.016904855965515553
46-47	2.9209254368061434E-4	0.0	0.0	3.651156796007679E-4	0.44065811371016683	0.019168573179040315
48-49	3.651156796007679E-4	0.0	0.0	3.651156796007679E-4	0.45175763037003014	0.021505313528485233
50-51	4.381388155209215E-4	0.0	0.0	3.651156796007679E-4	0.46241900821437254	0.02387856544589022
52-53	4.381388155209215E-4	0.0	0.0	3.651156796007679E-4	0.4742852678013975	0.026726467746776214
54-55	4.381388155209215E-4	0.0	0.0	3.651156796007679E-4	0.4853847844612609	0.029610881615622277
56-57	4.381388155209215E-4	0.0	0.0	3.651156796007679E-4	0.4949873268347611	0.03329854997959003
58-59	5.111619514410751E-4	0.0	0.0	3.651156796007679E-4	0.5040056841209	0.03720528775131825
60-61	5.111619514410751E-4	0.0	0.0	4.016272475608447E-4	0.5154703164603642	0.04220737256184877
62-63	5.111619514410751E-4	0.0	0.0	4.381388155209215E-4	0.5257300670571456	0.04578550622193629
64-65	6.572082232813823E-4	0.0	0.0	4.381388155209215E-4	0.5378519076198912	0.05031294064898582
66-67	6.572082232813823E-4	0.0	0.0	4.381388155209215E-4	0.5505579332699979	0.05513246761971596
68-69	8.032544951216894E-4	0.0	0.0	4.381388155209215E-4	0.5623511697211028	0.06086478378944801
70-71	0.001241393310642611	0.0	0.0	4.381388155209215E-4	0.5734506863809661	0.06805756267758314
72-73	0.0014604627184030717	0.0	0.0	4.381388155209215E-4	0.5847327608806299	0.07532336470163842
74-75	0.0015334858543232252	0.0	0.0	4.381388155209215E-4	0.5968180898754152	0.08269870142957393
76-77	0.0015334858543232252	0.0	0.0	4.381388155209215E-4	0.6087573725983604	0.09062171167691059
78-79	0.0018255783980038395	0.0	0.0	4.381388155209215E-4	0.6201489818019044	0.10062588129797163
>>END_MODULE
