##FastQC	0.12.1
>>Basic Statistics	pass
#Measure	Value
Filename	HG00118.GRCh38DH.exome.chr21.fq
File type	Conventional base calls
Encoding	Sanger / Illumina 1.9
Total Sequences	679185
Total Bases	68.5 Mbp
Sequences flagged as poor quality	0
Sequence length	101
%GC	47
>>END_MODULE
>>Per base sequence quality	warn
#Base	Mean	Median	Lower Quartile	Upper Quartile	10th Percentile	90th Percentile
1	21.87024742890376	22.0	22.0	22.0	22.0	22.0
2	23.227531526756334	22.0	22.0	27.0	22.0	27.0
3	23.331107135758298	22.0	22.0	27.0	22.0	27.0
4	27.391748934384594	27.0	27.0	27.0	27.0	33.0
5	31.696517149230328	33.0	33.0	33.0	27.0	33.0
6	34.04957264957265	33.0	33.0	37.0	33.0	37.0
7	34.87302428646098	37.0	33.0	37.0	33.0	37.0
8	34.09894358679888	33.0	33.0	37.0	33.0	37.0
9	34.38158969941916	37.0	33.0	37.0	33.0	37.0
10-11	33.8862069980933	33.0	33.0	37.0	33.0	37.0
12-13	33.753430214153724	33.0	33.0	37.0	33.0	37.0
14-15	33.93988088665091	33.0	33.0	35.0	33.0	37.0
16-17	32.4684614648439	33.0	33.0	33.0	30.0	37.0
18-19	32.96402232086987	33.0	33.0	37.0	30.0	37.0
20-21	33.70691048830584	33.0	33.0	37.0	33.0	37.0
22-23	33.832940951287206	33.0	33.0	37.0	33.0	37.0
24-25	33.657394524319585	33.0	33.0	37.0	33.0	37.0
26-27	33.68461391226249	33.0	33.0	37.0	33.0	37.0
28-29	33.50963581351178	33.0	33.0	37.0	33.0	37.0
30-31	33.64462259914456	33.0	33.0	37.0	33.0	37.0
32-33	34.0950197663376	33.0	33.0	37.0	33.0	37.0
34-35	33.855431877912494	33.0	33.0	37.0	33.0	37.0
36-37	33.69321392551367	33.0	33.0	37.0	33.0	37.0
38-39	33.920492943748755	33.0	33.0	37.0	33.0	37.0
40-41	34.679686683304254	37.0	33.0	37.0	33.0	37.0
42-43	34.59348704697542	37.0	33.0	37.0	33.0	37.0
44-45	34.736579135287144	37.0	33.0	37.0	33.0	37.0
46-47	34.60068685262483	37.0	33.0	37.0	33.0	37.0
48-49	34.536799988221176	37.0	33.0	37.0	33.0	37.0
50-51	34.464835059667095	37.0	33.0	37.0	33.0	37.0
52-53	34.503895109579865	37.0	33.0	37.0	33.0	37.0
54-55	34.544048381516085	37.0	33.0	37.0	33.0	37.0
56-57	34.438038973181094	37.0	33.0	37.0	33.0	37.0
58-59	34.36567503699287	37.0	33.0	37.0	33.0	37.0
60-61	34.58817479773552	37.0	33.0	37.0	33.0	37.0
62-63	34.51781252530607	37.0	33.0	37.0	33.0	37.0
64-65	34.5004093141044	37.0	33.0	37.0	33.0	37.0
66-67	34.27517981109712	37.0	33.0	37.0	30.0	37.0
68-69	34.403118443428525	37.0	33.0	37.0	33.0	37.0
70-71	34.41550682067478	37.0	33.0	37.0	33.0	37.0
72-73	34.29430788371357	37.0	33.0	37.0	30.0	37.0
74-75	34.10182056435286	37.0	33.0	37.0	27.0	37.0
76-77	34.18458152049883	37.0	33.0	37.0	30.0	37.0
78-79	34.25110389658194	37.0	33.0	37.0	27.0	37.0
80-81	34.11866428145498	37.0	33.0	37.0	30.0	37.0
82-83	33.989486664163664	37.0	33.0	37.0	27.0	37.0
84-85	33.919475547899324	37.0	33.0	37.0	27.0	37.0
86-87	33.665797242283034	37.0	33.0	37.0	27.0	37.0
88-89	33.35090586511775	37.0	33.0	37.0	27.0	37.0
90-91	33.14670303378314	37.0	33.0	37.0	24.5	37.0
92-93	32.87258037206358	37.0	33.0	37.0	22.0	37.0
94-95	32.489835611799435	37.0	33.0	37.0	18.5	37.0
96-97	31.248529487547575	35.0	33.0	37.0	6.0	37.0
98-99	25.675922613131917	30.0	24.5	30.0	6.0	30.0
100-101	22.705932109808078	27.0	14.0	30.0	6.0	30.0
>>END_MODULE
>>Per sequence quality scores	pass
#Quality	Count
6	189.0
7	121.0
8	137.0
9	218.0
10	332.0
11	441.0
12	687.0
13	828.0
14	933.0
15	1012.0
16	1210.0
17	1478.0
18	1625.0
19	1941.0
20	2138.0
21	2526.0
22	2805.0
23	3278.0
24	3717.0
25	4646.0
26	5975.0
27	7695.0
28	10253.0
29	14088.0
30	19664.0
31	29180.0
32	48132.0
33	103482.0
34	327212.0
35	83242.0
>>END_MODULE
>>Per base sequence content	pass
#Base	G	A	T	C
1	16.781915521556407	27.864103744628604	28.68988171129055	26.664099022524436
2	25.606572583316765	29.961056265965823	25.22390806628533	19.208463084432076
3	23.61889617703571	26.104669567201867	26.78239360409903	23.494040651663394
4	22.84594454521897	25.90358430116139	26.281537845414498	24.96893330820514
5	22.503239295600448	26.87820248542317	28.090288002827023	22.52827021614936
6	23.499297684567612	26.225518344125724	25.70739507230757	24.56778889899909
7	23.45502329998454	25.70109763908214	27.367212173413723	23.476666887519603
8	22.402929431354345	26.023311672045153	27.78170726316255	23.792051633437953
9	22.544787283432942	25.481624501647055	28.134151823548052	23.839436391371954
10-11	23.25126913465981	26.196383712335862	26.68023554431857	23.872111608685753
12-13	23.22147057523102	26.237122518459564	26.903214396250608	23.638192510058804
14-15	23.179516581537715	26.309157005986172	26.91529085950149	23.596035552974627
16-17	23.00499616813064	26.220597771620586	27.026616754111892	23.747789306136884
18-19	23.060156352540915	26.139499146859603	26.911602266979116	23.88874223362037
20-21	23.26286595215791	26.099903371665036	26.939020882047043	23.698209794130012
22-23	23.21844180078622	26.14067334181361	26.87382911014582	23.76705574725435
24-25	23.299967872480273	26.146421908020972	26.762076557816272	23.79153366168248
26-27	23.407860350757826	26.143438551844543	26.699316878627954	23.749384218769677
28-29	23.348398162174345	26.208825480941655	26.82109036761668	23.62168598926732
30-31	23.305651718299984	26.10967634087195	26.750204905809603	23.83446703501846
32-33	23.471255006469104	26.245054282312207	26.613612883129733	23.67007782808895
34-35	23.345558041090634	26.313223087535437	26.679596032211943	23.661622839161982
36-37	23.41872980115874	26.212224946075075	26.60725722741227	23.761788025353916
38-39	23.478795736311334	26.147579023358947	26.619325087844658	23.754300152485065
40-41	23.435266777266996	26.264484997897707	26.56057282427729	23.739675400558006
42-43	23.460222491048597	26.179549348496906	26.61977503502883	23.740453125425663
44-45	23.561400796542916	26.153846153846157	26.50853596590031	23.776217083710623
46-47	23.51141441580718	26.301228678489665	26.515897730368014	23.671459175335144
48-49	23.515220849740903	26.22310465433863	26.493282006998108	23.76839248892236
50-51	23.543732561820416	26.26103344449598	26.50721084829612	23.688023145387486
52-53	23.47269153470704	26.30984194291688	26.47371481996805	23.743751702408034
54-55	23.567290208117083	26.229377857284835	26.440292409284655	23.763039525313427
56-57	23.602111354049338	26.218556063517305	26.51162790697674	23.667704675456612
58-59	23.6131540007509	26.257131709328092	26.51339473044899	23.616319559472014
60-61	23.52422388598099	26.167465418111412	26.52384843599314	23.784462259914456
62-63	23.644441499738658	26.265818591399988	26.391483910863755	23.6982559979976
64-65	23.550799855709418	26.240199651052365	26.506621907138705	23.702378586099513
66-67	23.55352370856247	26.183734917585046	26.438083879944347	23.82465749390814
68-69	23.64329842870268	26.28050719687154	26.419571132417722	23.656623242008056
70-71	23.635919253163166	26.22380222163492	26.49839623843006	23.641882286771857
72-73	23.623386853361016	26.235267268859	26.45214485007767	23.68920102770232
74-75	23.687581439519423	26.313964531018797	26.386845999249097	23.61160803021268
76-77	23.669250645994833	26.293719678732597	26.3823553229238	23.65467435234877
78-79	23.6407956045477	26.240196479014777	26.410333995183734	23.70867392125379
80-81	23.713573077647947	26.31432870806634	26.32861088861666	23.643487325669057
82-83	23.689716351215058	26.351951235672168	26.36417176468856	23.594160648424214
84-85	23.760536525394407	26.34193923599608	26.247414180230717	23.650110058378793
86-87	23.882152874400937	26.347681412280892	26.250800591885863	23.519365121432305
88-89	23.898877951350162	26.391444130576104	26.152766765391632	23.556911152682105
90-91	23.844781103632886	26.40287886306112	26.174065790384255	23.57827424292174
92-93	23.940163578406473	26.44147029159949	26.165109653481743	23.45325647651229
94-95	23.87177278650147	26.517443700906234	26.162312182984017	23.44847132960828
96-97	23.946052989980636	26.53894005315194	26.041505628068933	23.473501328798484
98-99	24.04852875137113	26.47319949645531	26.00646362920265	23.471808122970913
100-101	24.62002252699927	26.184103005808435	25.920330984930466	23.275543482261828
>>END_MODULE
>>Per sequence GC content	warn
#GC Content	Count
0	0.0
1	0.0
2	0.0
3	0.0
4	0.5
5	0.5
6	0.0
7	0.0
8	0.0
9	1.0
10	5.0
11	6.0
12	4.0
13	7.0
14	17.0
15	23.0
16	37.5
17	67.5
18	112.5
19	200.5
20	344.5
21	602.5
22	934.5
23	1311.0
24	1792.0
25	2582.0
26	3711.5
27	4939.5
28	6101.0
29	7478.0
30	9087.5
31	10672.0
32	12338.0
33	13860.5
34	15144.0
35	16321.0
36	17668.0
37	19073.5
38	19807.5
39	20369.0
40	20739.0
41	20952.5
42	21259.0
43	21334.0
44	21340.5
45	20947.0
46	20616.5
47	20386.5
48	19848.0
49	19173.5
50	18274.5
51	17612.0
52	17193.5
53	16433.0
54	15893.5
55	15758.0
56	15637.5
57	15610.0
58	15361.5
59	15075.0
60	14810.0
61	14349.5
62	13837.0
63	13269.5
64	12365.5
65	11198.5
66	9979.0
67	8925.0
68	7647.0
69	6027.0
70	4535.5
71	3141.5
72	2077.5
73	1324.0
74	782.0
75	401.5
76	208.5
77	112.5
78	54.5
79	29.0
80	17.0
81	13.0
82	6.0
83	2.5
84	3.5
85	2.5
86	0.5
87	0.0
88	0.5
89	0.5
90	0.0
91	0.0
92	0.0
93	0.0
94	0.0
95	0.0
96	0.0
97	0.0
98	0.0
99	0.0
100	0.0
>>END_MODULE
>>Per base N content	pass
#Base	N-Count
1	0.2239448751076658
2	0.0
3	0.0
4	1.472352893541524E-4
5	0.0036808822338538104
6	4.4170586806245723E-4
7	0.0
8	0.08171558559155459
9	0.10306470254790667
10-11	0.09886849680131332
12-13	0.09938382031405286
14-15	0.10372726135000038
16-17	0.09791146742051135
18-19	0.16225328886827595
20-21	0.1958229348410227
22-23	0.110131996436906
24-25	0.09408334989730338
26-27	0.02495638154552883
28-29	0.03393773419613213
30-31	0.03158196956646569
32-33	0.027753852043257726
34-35	0.054256204127005166
36-37	0.0
38-39	0.06331117442228554
40-41	0.02407296980940392
42-43	0.014944381869446468
44-45	0.0
46-47	0.0
48-49	2.2085293403122861E-4
50-51	0.0
52-53	0.0
54-55	0.0
56-57	0.0
58-59	0.0
60-61	0.0
62-63	0.0
64-65	0.0
66-67	0.0
68-69	1.472352893541524E-4
70-71	7.36176446770762E-5
72-73	0.0
74-75	0.0
76-77	0.0
78-79	0.004196205746593343
80-81	0.002502999919020591
82-83	0.0
84-85	0.0
86-87	0.0
88-89	0.0037544998785308866
90-91	0.004122588101916267
92-93	0.0
94-95	0.0
96-97	0.0
98-99	0.0
100-101	0.0
>>END_MODULE
>>Sequence Length Distribution	pass
#Length	Count
101	679185.0
>>END_MODULE
>>Sequence Duplication Levels	pass
#Total Deduplicated Percentage	85.13219289707344
#Duplication Level	Percentage of total
1	74.64379122260722
2	15.566787486512244
3	5.30372178234727
4	2.243658997160448
5	0.9937210874775054
6	0.5588953181168413
7	0.28229044795565156
8	0.1790187155119522
9	0.07384467853688687
>10	0.1542702637739966
>50	0.0
>100	0.0
>500	0.0
>1k	0.0
>5k	0.0
>10k+	0.0
>>END_MODULE
>>Overrepresented sequences	pass
>>END_MODULE
>>Adapter Content	pass
#Position	Illumina Universal Adapter	Illumina Small RNA 3' Adapter	Illumina Small RNA 5' Adapter	Nextera Transposase Sequence	PolyA	PolyG
1	0.0	0.0	0.0	0.0	0.04093141044045437	0.0
2	0.0	0.0	0.0	0.0	0.04799870432945368	1.472352893541524E-4
3	0.0	0.0	0.0	0.0	0.05212129243136995	2.944705787083048E-4
4	0.0	0.0	0.0	0.0	0.05742176284811944	2.944705787083048E-4
5	0.0	0.0	0.0	0.0	0.06345840971163969	2.944705787083048E-4
6	0.0	0.0	0.0	0.0	0.06890611541774333	4.4170586806245723E-4
7	0.0	0.0	0.0	0.0	0.07347040938772205	5.889411574166096E-4
8	0.0	0.0	0.0	0.0	0.07788746806834662	8.834117361249145E-4
9	0.0	0.0	0.0	0.0	0.08377687964251272	0.0010306470254790668
10-11	0.0	0.0	0.0	0.0	0.09069693824215788	0.0012514999595102955
12-13	0.0	0.0	0.0	0.0	0.10225490845645885	0.0013251176041873716
14-15	0.0	0.0	0.0	0.0	0.11145711404109337	0.0013251176041873716
16-17	0.0	0.0	0.0	0.0	0.11859802557476976	0.0013251176041873716
18-19	0.0	0.0	0.0	0.0	0.12470829008296708	0.0019876764062810573
20-21	0.0	0.0	0.0	0.0	0.12890449582956043	0.0021349116956352098
22-23	0.0	0.0	0.0	0.0	0.13435220153566407	0.0022821469849893623
24-25	0.0	0.0	0.0	0.0	0.14060970133321554	0.002429382274343515
26-27	0.0	0.0	0.0	0.0	0.14613102468399625	0.002576617563697667
28-29	0.0	0.0	0.0	0.0	0.15283023034961019	0.0027974704977288957
30-31	0.0	0.0	0.0	0.0	0.15813070076635968	0.0030919410764372003
32-33	0.0	0.0	0.0	0.0	0.16173796535553642	0.0033864116551455053
34-35	0.0	0.0	0.0	0.0	0.16600778874680683	0.0034600292998225816
36-37	0.0	0.0	0.0	0.0	0.17027761213807724	0.00368088223385381
38-39	0.0	0.0	0.0	0.0	0.17594617077821212	0.0042698233912704196
40-41	0.0	0.0	0.0	0.0	0.18109940590560747	0.004490676325301648
42-43	0.0	0.0	0.0	0.0	0.18514837636284665	0.005005999838041182
44-45	0.0	0.0	0.0	0.0	0.19118502322636688	0.005374088061426563
46-47	5.889411574166096E-4	0.0	0.0	0.0	0.19854678769407452	0.005668558640134868
48-49	5.889411574166096E-4	0.0	0.0	0.0	0.20436258162356352	0.006036646863520248
50-51	5.889411574166096E-4	0.0	0.0	0.0	0.20966305204031302	0.006699205665613934
52-53	5.889411574166096E-4	0.0	0.0	0.0	0.21518437539109375	0.006993676244322239
54-55	5.889411574166096E-4	0.0	0.0	0.0	0.21974866936107246	0.007361764467707621
56-57	0.0011778823148332193	0.0	0.0	0.0	0.22482828684379072	0.0078034703357700765
58-59	0.0013251176041873718	0.0	0.0	0.0	0.23012875726054022	0.008318793848509611
60-61	0.001766823472249829	0.0	0.0	0.0	0.23690158057083122	0.008686882071894992
62-63	0.0019140587616039812	0.0	0.0	0.0	0.24168672747484116	0.00912858793995745
64-65	0.0027238528530518194	0.0	0.0	0.0	0.24544122735337204	0.009496676163342831
66-67	0.0036808822338538104	0.0	0.0	0.0	0.2508889330594757	0.009938382031405287
68-69	0.006331117442228553	0.0	0.0	0.0	0.25589493289751686	0.010969029056884353
70-71	0.012073293727040496	0.0	0.0	0.0	0.2621524326950684	0.011484352569623888
72-73	0.01877249939265443	0.0	0.0	0.0	0.26715843253310956	0.012367764305748801
74-75	0.0275329991092265	0.0	0.0	0.0	0.2749619028688796	0.013472028975904944
76-77	0.04262461626802712	0.0	0.0	0.0	0.2804096085749832	0.014649911290738164
78-79	0.07148273298144099	0.0	0.0	0.0	0.28813946126607626	0.015459705382186002
80-81	0.10902773176674985	0.0	0.0	0.0	0.2938080199062111	0.016932058275727524
82-83	0.15695281845152645	0.0	0.0	0.0	0.2997710491250543	0.017889087656529516
84-85	0.22556446329056148	0.0	0.0	0.0	0.3067647253693765	0.019655911128779346
86-87	0.31751290149222966	0.0	0.0	0.0	0.3115498722733865	0.020833793443612567
88-89	0.43323983892459345	0.0	0.0	0.0	0.3157460780199798	0.022747852205216544
90	0.5396173354829685	0.0	0.0	0.0	0.3195005778985107	0.024882763900851756
>>END_MODULE
