##FastQC	0.12.1
>>Basic Statistics	pass
#Measure	Value
Filename	HG00128.GRCh38DH.exome.chr21.fq
File type	Conventional base calls
Encoding	Sanger / Illumina 1.9
Total Sequences	859866
Total Bases	86.8 Mbp
Sequences flagged as poor quality	0
Sequence length	101
%GC	47
>>END_MODULE
>>Per base sequence quality	warn
#Base	Mean	Median	Lower Quartile	Upper Quartile	10th Percentile	90th Percentile
1	21.577068985167458	22.0	22.0	22.0	22.0	22.0
2	21.411980471375774	22.0	22.0	22.0	15.0	27.0
3	22.579300728253006	22.0	22.0	22.0	15.0	27.0
4	26.464656120837432	27.0	27.0	27.0	22.0	27.0
5	31.011705312223068	33.0	27.0	33.0	27.0	33.0
6	32.63782612639644	33.0	33.0	33.0	27.0	37.0
7	34.42583611865105	37.0	33.0	37.0	33.0	37.0
8	33.722846350477866	33.0	33.0	37.0	33.0	37.0
9	34.592914477372055	37.0	33.0	37.0	33.0	37.0
10-11	33.720646007633746	33.0	33.0	37.0	33.0	37.0
12-13	33.79865874450205	33.0	33.0	37.0	33.0	37.0
14-15	33.4634431411406	33.0	33.0	37.0	33.0	37.0
16-17	33.52985465177132	33.0	33.0	37.0	33.0	37.0
18-19	33.37907476281188	33.0	33.0	37.0	33.0	37.0
20-21	33.656747679289566	33.0	33.0	37.0	33.0	37.0
22-23	33.39327406828506	33.0	33.0	37.0	33.0	37.0
24-25	33.356920148023065	33.0	33.0	37.0	33.0	37.0
26-27	33.589677926560654	33.0	33.0	37.0	33.0	37.0
28-29	33.5730526616938	33.0	33.0	37.0	33.0	37.0
30-31	33.446388158154875	33.0	33.0	37.0	33.0	37.0
32-33	33.52417469698767	33.0	33.0	37.0	33.0	37.0
34-35	33.49347165721171	33.0	33.0	37.0	33.0	37.0
36-37	33.73873138372723	33.0	33.0	37.0	33.0	37.0
38-39	33.69054073541692	33.0	33.0	37.0	33.0	37.0
40-41	33.47678533631985	33.0	33.0	37.0	33.0	37.0
42-43	33.86595643972433	33.0	33.0	37.0	33.0	37.0
44-45	33.946213712369136	33.0	33.0	37.0	33.0	37.0
46-47	33.78519036687112	33.0	33.0	37.0	33.0	37.0
48-49	33.78506999927896	33.0	33.0	37.0	33.0	37.0
50-51	33.75904036210293	33.0	33.0	37.0	33.0	37.0
52-53	33.86783696529459	35.0	33.0	37.0	33.0	37.0
54-55	33.925157524544524	35.0	33.0	37.0	33.0	37.0
56-57	33.81974982148381	35.0	33.0	37.0	33.0	37.0
58-59	33.913563276138376	37.0	33.0	37.0	33.0	37.0
60-61	33.84111594132109	37.0	33.0	37.0	30.0	37.0
62-63	34.081840658893356	37.0	33.0	37.0	30.0	37.0
64-65	34.21701579083253	37.0	33.0	37.0	30.0	37.0
66-67	34.36057013534667	37.0	33.0	37.0	33.0	37.0
68-69	34.2180351357072	37.0	33.0	37.0	30.0	37.0
70-71	34.12773501917741	37.0	33.0	37.0	27.0	37.0
72-73	34.113219385346085	37.0	33.0	37.0	27.0	37.0
74-75	34.19147111294085	37.0	33.0	37.0	30.0	37.0
76-77	33.91145131915903	37.0	33.0	37.0	27.0	37.0
78-79	33.988807558387	37.0	33.0	37.0	27.0	37.0
80-81	33.802814043118346	37.0	33.0	37.0	27.0	37.0
82-83	33.633857484770886	37.0	33.0	37.0	27.0	37.0
84-85	33.6531657258224	37.0	33.0	37.0	27.0	37.0
86-87	33.45610478842052	37.0	33.0	37.0	27.0	37.0
88-89	32.93421707568389	37.0	33.0	37.0	24.5	37.0
90-91	32.7169966017961	37.0	33.0	37.0	22.0	37.0
92-93	32.57642353576023	37.0	33.0	37.0	18.5	37.0
94-95	32.25705923946289	37.0	33.0	37.0	10.5	37.0
96-97	31.114758578662254	35.0	33.0	37.0	6.0	37.0
98-99	26.53913923797429	30.0	27.0	30.0	6.0	33.0
100-101	24.518727918070955	30.0	21.0	30.0	6.0	33.0
>>END_MODULE
>>Per sequence quality scores	pass
#Quality	Count
6	1028.0
7	284.0
8	339.0
9	450.0
10	675.0
11	943.0
12	1191.0
13	1454.0
14	1548.0
15	1876.0
16	2048.0
17	2287.0
18	2624.0
19	2770.0
20	3167.0
21	3599.0
22	4147.0
23	4604.0
24	5422.0
25	6566.0
26	8223.0
27	10512.0
28	13289.0
29	17679.0
30	24435.0
31	35797.0
32	59948.0
33	146213.0
34	435120.0
35	61628.0
>>END_MODULE
>>Per base sequence content	pass
#Base	G	A	T	C
1	17.164447391843073	27.157175849170756	29.722227069917338	25.956149689068837
2	26.89989508675697	29.591350124104686	24.440947336343484	19.067807452794856
3	23.80433417231545	26.187640444210793	26.651716966823763	23.356308416649995
4	23.255004209719736	25.552591219328146	26.240237001980837	24.95216756897128
5	22.78340563612891	26.755678580151425	28.011421127923615	22.449494655796048
6	23.829554639391066	26.311223273420826	25.236403388904073	24.622818698284032
7	23.54041211072423	25.797856875373604	27.46195337413039	23.199777639771778
8	22.617012418214	26.071504164602395	27.614302693675523	23.697180723508083
9	22.524195743037836	25.45454968355387	28.046128332220754	23.97512624118754
10-11	23.214074923053932	26.289010188339784	26.603190884980094	23.89372400362619
12-13	23.207144846658977	26.26123069390584	26.85266108788071	23.67896337155447
14-15	23.154230701464147	26.26808233747339	26.93680245949446	23.640884501568003
16-17	23.025773696443387	26.307801539688054	27.0089707559288	23.657454007939762
18-19	23.105393656191342	26.06691538874843	27.00369361595233	23.8239973391079
20-21	23.229345293440723	26.06475367749461	26.95879612750237	23.74710490156229
22-23	23.109956144074452	26.18429025156391	26.942203449162133	23.763550155199503
24-25	23.187307708634133	26.1588362298303	26.888198725258338	23.765657336277222
26-27	23.321360391368085	26.229756046219393	26.775778023167845	23.673105539244677
28-29	23.242063591287092	26.296896960576287	26.83710714827752	23.623932299859103
30-31	23.199582225266884	26.181519167102334	26.83324542462812	23.785653183002665
32-33	23.391248017045267	26.223791269881886	26.755816279534976	23.62914443353787
34-35	23.22095831991059	26.353971988430665	26.71036763004167	23.71470206161708
36-37	23.35522451936887	26.245872869854242	26.691701779012604	23.70720083176428
38-39	23.441040924620193	26.285672748418985	26.634178963436796	23.639107363524023
40-41	23.339508714148483	26.33352173478193	26.650315281683422	23.67665426938616
42-43	23.391451389123098	26.299544460196383	26.66285984097393	23.64614430970659
44-45	23.415406246674625	26.289634832424376	26.63073469048357	23.66422423041743
46-47	23.406361065108577	26.444893098379264	26.57776418377031	23.570981652741853
48-49	23.453800828857307	26.280196102033067	26.563905572835527	23.702097496274096
50-51	23.529435708495715	26.318911167787203	26.56482415099255	23.586828972724536
52-53	23.509456059257158	26.391485447094855	26.527789003954783	23.571269489693204
54-55	23.368533066621698	26.35002413197574	26.560989934349394	23.720452867053165
56-57	23.522444125916213	26.307033432865328	26.59719779149452	23.573324649723936
58-59	23.41741457452116	26.456457748682027	26.552928848638647	23.573198828158166
60-61	23.432607303867666	26.28493375952699	26.52386814357462	23.75859079303072
62-63	23.481011075685306	26.361608012499758	26.519483192835086	23.637897718979854
64-65	23.483330445269644	26.373506880763287	26.559757914360578	23.583404759606495
66-67	23.518941292634334	26.321726923931283	26.531882057264077	23.627449726170305
68-69	23.522430309789833	26.41668634084674	26.49734078742465	23.563542561938778
70-71	23.5306568787024	26.40918598585886	26.466290197556148	23.593866937882595
72-73	23.532979574035036	26.40029076106709	26.422911972086936	23.643817692810934
74-75	23.614510659802242	26.432215567539025	26.430645426732287	23.522628345926442
76-77	23.567562789258627	26.521824596012056	26.400276362299806	23.51033625242951
78-79	23.546876472141413	26.553796191072177	26.357103558496576	23.542223778289834
80-81	23.56215353666745	26.455153268484686	26.43322161960282	23.549471575245043
82-83	23.61325982923388	26.456995738119826	26.398463977657855	23.531280454988437
84-85	23.640926310693793	26.483732659020916	26.27159422094399	23.603746809341306
86-87	23.623361699032657	26.575896428831186	26.28228962106335	23.518452251072805
88-89	23.703355636617186	26.627987171870927	26.213189233559515	23.455467957952372
90-91	23.600947320571628	26.494186340913178	26.32062342959614	23.58424290891905
92-93	23.670212456327647	26.58538942177279	26.252891601752363	23.4915065201472
94-95	23.772365243546567	26.632681709048846	26.15814654615054	23.436806501254047
96-97	23.803016979749653	26.69441048080678	26.029699576510133	23.472872962933433
98-99	24.00192803403399	26.73948022251562	25.948590416180583	23.310001327269806
100-101	24.24041015087327	26.794599222324333	25.358733602724254	23.606257024078147
>>END_MODULE
>>Per sequence GC content	warn
#GC Content	Count
0	0.0
1	0.0
2	0.0
3	0.0
4	0.0
5	0.0
6	0.0
7	1.5
8	2.5
9	3.0
10	6.0
11	6.0
12	4.5
13	13.0
14	22.5
15	24.5
16	32.0
17	59.0
18	100.5
19	181.5
20	330.5
21	582.0
22	893.0
23	1370.0
24	1996.5
25	2871.5
26	4191.5
27	5760.0
28	7268.0
29	9097.0
30	11243.5
31	13346.5
32	15865.0
33	18033.5
34	19493.5
35	21242.0
36	23094.0
37	24680.0
38	25709.0
39	26459.5
40	26941.5
41	27121.0
42	27361.5
43	27574.5
44	27667.5
45	27201.5
46	26801.0
47	26368.5
48	25567.0
49	24481.5
50	23265.5
51	22401.0
52	21684.5
53	20854.5
54	20057.5
55	19621.5
56	19635.5
57	19756.5
58	19536.5
59	19225.0
60	18737.0
61	18157.0
62	17596.0
63	16597.5
64	15312.0
65	13861.0
66	12179.5
67	10702.5
68	8989.0
69	6999.0
70	5139.0
71	3429.0
72	2189.5
73	1297.5
74	700.5
75	375.0
76	207.0
77	105.5
78	59.0
79	34.5
80	28.5
81	19.5
82	12.5
83	9.5
84	8.5
85	6.0
86	2.5
87	2.5
88	1.5
89	1.0
90	0.5
91	0.0
92	0.0
93	0.0
94	0.0
95	0.0
96	0.0
97	0.0
98	0.0
99	0.0
100	0.0
>>END_MODULE
>>Per base N content	pass
#Base	N-Count
1	0.040820313862857706
2	0.012560096573186984
3	0.010931935906292376
4	0.13246249997092568
5	0.006512642667578437
6	1.1629719049247207E-4
7	0.0
8	0.0
9	4.651887619698883E-4
10-11	0.0012211205001709568
12-13	1.7444578573870813E-4
14-15	0.0016863092621408453
16-17	0.0019189036431257894
18-19	4.651887619698883E-4
20-21	8.722289286935405E-4
22-23	5.814859524623605E-4
24-25	6.396345477085964E-4
26-27	0.0012211205001709568
28-29	0.0018026064526333173
30-31	0.008431546310704226
32-33	0.00441929323871394
34-35	8.140803334473046E-4
36-37	8.140803334473046E-4
38-39	0.006221899691347257
40-41	0.0
42-43	8.140803334473046E-4
44-45	5.8148595246236036E-5
46-47	0.001162971904924721
48-49	8.722289286935405E-4
50-51	0.0010466747144322486
52-53	0.0023840924050956775
54-55	0.0012792690954171928
56-57	9.885261191860126E-4
58-59	0.0026748353813268577
60-61	7.559317382010686E-4
62-63	0.001104823309678485
64-65	5.814859524623605E-4
66-67	0.0029074297623118022
68-69	0.0029074297623118022
70-71	0.0040122530719902865
72-73	0.006221899691347257
74-75	0.008198951929719282
76-77	0.014537148811559012
78-79	0.01732828138337834
80-81	0.04390218941090821
82-83	0.058555635412959696
84-85	0.06064898484182419
86-87	0.0643704949375833
88-89	0.25812161429804176
90-91	0.0943751700846411
92-93	0.10617933491962701
94-95	0.1682820346426071
96-97	0.08088469598751434
98-99	0.11164530287277319
100-101	0.08925809370297233
>>END_MODULE
>>Sequence Length Distribution	pass
#Length	Count
101	859866.0
>>END_MODULE
>>Sequence Duplication Levels	pass
#Total Deduplicated Percentage	83.1122241486666
#Duplication Level	Percentage of total
1	71.84238679322715
2	15.917999009908069
3	6.237903743978749
4	2.7849225822030523
5	1.4370589851855806
6	0.7374160952354307
7	0.4001237014140093
8	0.2274017491742097
9	0.17016640577519815
>10	0.24462093389857326
>50	0.0
>100	0.0
>500	0.0
>1k	0.0
>5k	0.0
>10k+	0.0
>>END_MODULE
>>Overrepresented sequences	pass
>>END_MODULE
>>Adapter Content	pass
#Position	Illumina Universal Adapter	Illumina Small RNA 3' Adapter	Illumina Small RNA 5' Adapter	Nextera Transposase Sequence	PolyA	PolyG
1	0.0	0.0	0.0	0.0	0.029190594813610492	0.0
2	0.0	0.0	0.0	0.0	0.036284723433651286	0.0
3	0.0	0.0	0.0	0.0	0.04198328576778242	0.0
4	0.0	0.0	0.0	0.0	0.045821093054034	1.1629719049247209E-4
5	0.0	0.0	0.0	0.0	0.04826333405437591	1.1629719049247209E-4
6	0.0	0.0	0.0	0.0	0.05047298067373288	1.1629719049247209E-4
7	0.0	0.0	0.0	0.0	0.05547375986490918	3.4889157147741627E-4
8	0.0	0.0	0.0	0.0	0.05954416153214571	3.4889157147741627E-4
9	0.0	0.0	0.0	0.0	0.06268418567544246	3.4889157147741627E-4
10-11	0.0	0.0	0.0	0.0	0.06803385643809617	3.4889157147741627E-4
12-13	0.0	0.0	0.0	0.0	0.07466279629616708	3.4889157147741627E-4
14-15	0.0	0.0	0.0	0.0	0.08222211367817775	3.4889157147741627E-4
16-17	0.0	0.0	0.0	0.0	0.08803697320280138	5.814859524623605E-4
18-19	2.3259438098494417E-4	0.0	0.0	0.0	0.09356108975119379	6.977831429548325E-4
20-21	2.3259438098494417E-4	0.0	0.0	0.0	0.0985618689423701	9.885261191860128E-4
22-23	2.3259438098494417E-4	0.0	0.0	0.0	0.10327190515731521	0.001221120500170957
24-25	2.3259438098494417E-4	0.0	0.0	0.0	0.10914491327718505	0.0018607550478795531
26-27	2.3259438098494417E-4	0.0	0.0	0.0	0.11484347561131618	0.0020933494288644973
28-29	2.3259438098494417E-4	0.0	0.0	0.0	0.12094907811217095	0.002558538190834386
30-31	2.3259438098494417E-4	0.0	0.0	0.0	0.1258335601128548	0.002849281167065566
32-33	2.3259438098494417E-4	0.0	0.0	0.0	0.13170656823272464	0.0031400241432967464
34-35	2.3259438098494417E-4	0.0	0.0	0.0	0.13781217073357943	0.0034307671195279266
36-37	2.3259438098494417E-4	0.0	0.0	5.814859524623604E-5	0.14339443587721806	0.0038959558814978144
38-39	2.3259438098494417E-4	0.0	0.0	1.1629719049247209E-4	0.1486278094493793	0.004361144643467703
40-41	2.3259438098494417E-4	0.0	0.0	1.1629719049247209E-4	0.15467526335498788	0.0050007791911763
42-43	2.3259438098494417E-4	0.0	0.0	1.1629719049247209E-4	0.16025752849862654	0.005698562334131132
44-45	2.3259438098494417E-4	0.0	0.0	1.1629719049247209E-4	0.16653757678522002	0.006803385643809617
46-47	2.3259438098494417E-4	0.0	0.0	1.1629719049247209E-4	0.17211984192885868	0.0075011687867644495
48-49	2.3259438098494417E-4	0.0	0.0	1.1629719049247209E-4	0.17723691831052746	0.008257100524965517
50-51	2.3259438098494417E-4	0.0	0.0	1.1629719049247209E-4	0.18252844047793493	0.008896735072674113
52-53	3.4889157147741627E-4	0.0	0.0	1.1629719049247209E-4	0.1885758943835435	0.009710815406121419
54-55	4.6518876196988834E-4	0.0	0.0	1.1629719049247209E-4	0.19567002300358427	0.010641192930061195
56-57	4.6518876196988834E-4	0.0	0.0	1.1629719049247209E-4	0.20241526005214766	0.01203675921597086
58-59	6.977831429548325E-4	0.0	0.0	1.1629719049247209E-4	0.20735789064807775	0.013723068478111706
60-61	0.001279269095417193	0.0	0.0	1.1629719049247209E-4	0.2128238586012239	0.014420851621066539
62-63	0.001744457857387081	0.0	0.0	1.1629719049247209E-4	0.21933650126880236	0.015176783359267608
64-65	0.002442241000341914	0.0	0.0	1.1629719049247209E-4	0.22456987484096358	0.016223458073699855
66-67	0.0034889157147741626	0.0	0.0	1.1629719049247209E-4	0.23044288296083343	0.017386429978624576
68-69	0.006396345477085965	0.0	0.0	1.1629719049247209E-4	0.23718812000939682	0.01866569907404177
70-71	0.009943409787106363	0.0	0.0	1.1629719049247209E-4	0.24515447755813113	0.01971237378847402
72-73	0.015002337573528899	0.0	0.0	1.1629719049247209E-4	0.25102748567800104	0.021224237264876156
74-75	0.023550181074725597	0.0	0.0	1.1629719049247209E-4	0.25591196767868485	0.023026843717509474
76-77	0.03634287202889753	0.0	0.0	1.1629719049247209E-4	0.26201757017953964	0.02552723331309762
78-79	0.05814859524623604	0.0	0.0	1.1629719049247209E-4	0.2671346465612084	0.027097245384745998
80-81	0.08658325832164547	0.0	0.0	1.1629719049247209E-4	0.27370543782403306	0.02866725745639437
82-83	0.1251939255651462	0.0	0.0	1.1629719049247209E-4	0.27981104032488785	0.030004675147057798
84-85	0.18258658907318115	0.0	0.0	1.1629719049247209E-4	0.2868470203496824	0.0320980245759223
86-87	0.26550648589431375	0.0	0.0	1.1629719049247209E-4	0.2923129883028286	0.03407507681429432
88-89	0.37616326264790095	0.0	0.0	1.1629719049247209E-4	0.29806969923220594	0.03512175152872657
90	0.47670218382864304	0.0	0.0	1.1629719049247209E-4	0.30307047842338225	0.036401020624143764
>>END_MODULE
