##FastQC	0.12.1
>>Basic Statistics	pass
#Measure	Value
Filename	HG00258.GRCh38DH.exome.chr21.fq
File type	Conventional base calls
Encoding	Sanger / Illumina 1.9
Total Sequences	2057371
Total Bases	156.3 Mbp
Sequences flagged as poor quality	0
Sequence length	76
%GC	45
>>END_MODULE
>>Per base sequence quality	warn
#Base	Mean	Median	Lower Quartile	Upper Quartile	10th Percentile	90th Percentile
1	27.88178894326789	27.0	27.0	33.0	27.0	33.0
2	27.951329633789918	27.0	27.0	33.0	27.0	33.0
3	27.691350271778887	27.0	27.0	33.0	27.0	33.0
4	26.713949015515432	27.0	27.0	27.0	27.0	33.0
5	30.481100394629845	33.0	27.0	33.0	27.0	33.0
6	30.99759596105904	33.0	33.0	33.0	27.0	33.0
7	30.9791982097541	33.0	33.0	33.0	27.0	33.0
8	30.968666808271333	33.0	33.0	33.0	27.0	33.0
9	30.897859452670424	33.0	33.0	33.0	27.0	33.0
10-11	30.978265709004354	33.0	33.0	33.0	27.0	33.0
12-13	30.925368589330752	33.0	33.0	33.0	27.0	33.0
14-15	30.851873823437778	33.0	33.0	33.0	27.0	33.0
16-17	30.7970886145474	33.0	33.0	33.0	27.0	33.0
18-19	30.66032475426163	33.0	33.0	33.0	27.0	33.0
20-21	30.643972088651	33.0	33.0	33.0	27.0	33.0
22-23	30.643131938770402	33.0	33.0	33.0	27.0	33.0
24-25	30.557130920966614	33.0	33.0	33.0	27.0	33.0
26-27	30.593683881030692	33.0	33.0	33.0	27.0	33.0
28-29	30.466998659940284	33.0	33.0	33.0	24.5	33.0
30-31	30.39353889016614	33.0	33.0	33.0	22.0	33.0
32-33	30.19518429101995	33.0	33.0	33.0	22.0	33.0
34-35	30.121362894684527	33.0	33.0	33.0	22.0	33.0
36-37	29.947662575199125	33.0	33.0	33.0	22.0	33.0
38-39	29.768553168096567	33.0	33.0	33.0	15.0	33.0
40-41	29.65819728187089	33.0	33.0	33.0	15.0	33.0
42-43	29.468739716852234	33.0	33.0	33.0	15.0	33.0
44-45	29.250787291159448	33.0	33.0	33.0	6.0	33.0
46-47	29.139579589680228	33.0	33.0	33.0	6.0	33.0
48-49	28.902722698045224	33.0	33.0	33.0	6.0	33.0
50-51	28.662412612990074	33.0	30.0	33.0	6.0	33.0
52-53	27.088489873727198	33.0	24.5	33.0	6.0	33.0
54-55	28.43080441009424	33.0	27.0	33.0	6.0	33.0
56-57	28.10021503170794	33.0	27.0	33.0	6.0	33.0
58-59	27.68854183324252	33.0	27.0	33.0	6.0	33.0
60-61	27.502453373747368	33.0	27.0	33.0	6.0	33.0
62-63	27.172860169604803	33.0	27.0	33.0	6.0	33.0
64-65	26.78553333356016	33.0	27.0	33.0	6.0	33.0
66-67	26.414249301657307	33.0	22.0	33.0	6.0	35.0
68-69	25.81054802463921	33.0	15.0	33.0	6.0	33.0
70-71	25.026264830212927	33.0	6.0	33.0	6.0	33.0
72-73	23.58537570520825	30.0	6.0	33.0	6.0	33.0
74-75	21.208407720338236	27.0	6.0	27.0	6.0	33.0
76	21.60996533926064	27.0	6.0	33.0	6.0	33.0
>>END_MODULE
>>Per sequence quality scores	pass
#Quality	Count
2	25.0
3	187.0
4	303.0
5	5252.0
6	60244.0
7	7041.0
8	8804.0
9	7973.0
10	8988.0
11	9079.0
12	10180.0
13	11044.0
14	12852.0
15	14598.0
16	15568.0
17	17520.0
18	18303.0
19	21009.0
20	22597.0
21	26005.0
22	28402.0
23	31889.0
24	36494.0
25	40437.0
26	47831.0
27	54430.0
28	67206.0
29	85358.0
30	128657.0
31	277272.0
32	830546.0
33	151277.0
>>END_MODULE
>>Per base sequence content	pass
#Base	G	A	T	C
1	20.07385742475891	29.40142532215449	28.54242817162537	21.98228908146123
2	22.564555431769236	29.53981475492983	26.877555119088548	21.018074694212395
3	22.44676767558678	27.993977265199078	27.497213681408827	22.062041377805315
4	22.635600114703074	27.493830328057612	27.655953094427016	22.2146164628123
5	22.672598403061393	27.64580199303619	27.983195034772834	21.698404569129583
6	22.731254989159446	27.56336384513941	27.252765107089676	22.452616058611465
7	22.669321371917686	27.676421070758146	27.679339754762438	21.97491780256173
8	22.172162506743227	27.68985979442223	27.994904091757476	22.143073607077067
9	22.166803591866593	27.497936393745313	28.051522788195932	22.28373722619216
10-11	22.184091241302873	27.653598063410982	27.879205916782418	22.283104778503727
12-13	22.040342757311173	27.54743116838648	28.072301403869197	22.339924670433145
14-15	22.14423299437797	27.51484266676001	28.011996647395023	22.328927691466998
16-17	22.249688963660212	27.480592280271267	27.93707866697809	22.332640089090432
18-19	22.265476702613498	27.319226815023296	27.85215863270797	22.563137849655234
20-21	22.325908589946966	27.36110388628606	27.75051520429996	22.562472319467016
22-23	22.372150681910842	27.271838785224524	27.781171981763197	22.574838551101436
24-25	22.48393999077215	27.25556041203471	27.644219198888383	22.61628039830476
26-27	22.546615025454	27.285299875920117	27.60073743068358	22.567347667942304
28-29	22.524550132002762	27.34371448802349	27.52969241812389	22.602042961849854
30-31	22.54260524607857	27.30141251795728	27.513107904120876	22.642874331843274
32-33	22.648036016533997	27.249757003147412	27.458182417579213	22.644024562739382
34-35	22.618684956219102	27.322417790009712	27.422658606232048	22.636238647539138
36-37	22.70843505206378	27.230703916308908	27.385810796353105	22.675050235274206
38-39	22.729188007265996	27.217406294456627	27.37355079449638	22.679854903780996
40-41	22.862636218977478	27.185971731036336	27.30643385428217	22.64495819570402
42-43	22.817242864825282	27.168389053612636	27.298528377811987	22.715839703750092
44-45	22.860191946791648	27.17712293734989	27.232426755865852	22.73025835999261
46-47	22.888738284543038	27.205262487493304	27.212263320786935	22.69373590717673
48-49	22.9815254367063	27.132948552941333	27.186910174560985	22.698615835791383
50-51	22.9852864872698	27.1390321672391	27.11148414542049	22.76419720007061
52-53	22.981803118965246	27.091148735241894	27.179658465721136	22.747389680071723
54-55	22.977984245017876	27.105695261742106	27.142248842388934	22.774071650851084
56-57	23.054939055854913	27.116966528178054	27.063517199187103	22.76457721677993
58-59	23.14664035271071	27.1282465086209	27.028937249964756	22.696175888703632
60-61	23.125652100050768	27.04723264110576	27.042469105677817	22.78464615316565
62-63	23.137972218022945	27.05335273155739	26.979126817429044	22.829548232990625
64-65	23.18748995902431	27.091664355672563	26.95259152569603	22.768254159607096
66-67	23.2526170550496	27.053389600027028	26.874605202684293	22.819388142239077
68-69	23.300520161009043	27.00073378163932	26.885939125047425	22.81280693230421
70-71	23.456147335967252	27.02430660379881	26.70060908705973	22.81893697317421
72-73	23.55352334319082	27.011819749428895	26.56419772472376	22.870459182656525
74-75	23.73109246148846	26.93575052927616	26.516170483686334	22.816986525549048
76	24.041244731379347	26.787101541572884	26.374459768885604	22.79719395816217
>>END_MODULE
>>Per sequence GC content	warn
#GC Content	Count
0	0.0
1	0.0
2	0.0
3	0.5
4	1.0
5	1.5
6	4.0
7	7.0
8	8.0
9	13.0
10	20.0
11	45.0
12	68.0
13	104.5
14	213.5
15	444.5
16	917.0
17	1231.0
18	1835.0
19	3444.0
20	5783.0
21	7117.0
22	8983.5
23	13186.0
24	18837.0
25	22152.0
26	25014.5
27	31296.5
28	38875.0
29	43034.0
30	46935.5
31	54789.0
32	62605.5
33	66470.0
34	69771.5
35	75918.5
36	80772.0
37	82780.0
38	84387.0
39	86368.5
40	86525.0
41	86219.5
42	86132.0
43	85498.5
44	84058.5
45	82207.0
46	81162.0
47	79351.5
48	75412.5
49	70765.0
50	68246.0
51	66799.0
52	63384.5
53	60393.5
54	59370.0
55	57821.0
56	55315.0
57	53045.5
58	51733.0
59	49752.0
60	45910.0
61	41732.5
62	39416.0
63	36680.5
64	31938.0
65	28317.5
66	24604.0
67	22504.0
68	20593.0
69	16553.5
70	12545.0
71	10665.0
72	9302.0
73	6876.5
74	4957.0
75	4100.0
76	3421.5
77	2344.5
78	1611.0
79	1276.0
80	1076.5
81	711.5
82	450.5
83	355.0
84	278.5
85	161.0
86	89.5
87	59.0
88	49.0
89	27.0
90	11.5
91	6.0
92	4.0
93	2.5
94	0.5
95	0.0
96	0.0
97	0.0
98	0.0
99	0.0
100	0.0
>>END_MODULE
>>Per base N content	pass
#Base	N-Count
1	0.5871084991476987
2	0.04666149177761327
3	0.21789944545733364
4	0.16389848986886663
5	0.0637707054294048
6	0.08087991908119635
7	0.0801994389927728
8	0.07796357584509551
9	0.07310300378492746
10-11	0.0773560043375745
12-13	0.06508305988565019
14-15	0.02250444863857807
16-17	0.006586075141527707
18-19	0.008068549619878962
20-21	0.020414402652705808
22-23	0.03696465051757802
24-25	0.026927569213330994
26-27	0.011106407157483993
28-29	0.01975822542458312
30-31	0.01973392256428228
32-33	0.036940347657277176
34-35	0.040026810915483886
36-37	0.050890189469959476
38-39	0.04581089166708387
40-41	0.05458422423568719
42-43	0.03543357031862508
44-45	0.026781752051525953
46-47	0.022990505844594875
48-49	0.017182122232694056
50-51	0.04675870321881664
52-53	0.026004060521899065
54-55	0.005686869310396618
56-57	0.01373111606997474
58-59	0.00782552101687056
60-61	0.0036697319054268774
62-63	0.006707589443031908
64-65	0.008530303965594926
66-67	0.0070235266269428305
68-69	0.010668955672068868
70-71	0.017400847975401618
72-73	0.018956231034655394
74-75	0.02685466063242847
76	0.018518779549240267
>>END_MODULE
>>Sequence Length Distribution	pass
#Length	Count
76	2057371.0
>>END_MODULE
>>Sequence Duplication Levels	pass
#Total Deduplicated Percentage	90.96887164944773
#Duplication Level	Percentage of total
1	84.18886725523997
2	10.987136341715278
3	2.457701294963129
4	0.9544183496298092
5	0.5330666596668787
6	0.33101389943997894
7	0.22442729029843816
8	0.12710330537850173
9	0.06538784348171713
>10	0.13087776018632896
>50	0.0
>100	0.0
>500	0.0
>1k	0.0
>5k	0.0
>10k+	0.0
>>END_MODULE
>>Overrepresented sequences	pass
>>END_MODULE
>>Adapter Content	pass
#Position	Illumina Universal Adapter	Illumina Small RNA 3' Adapter	Illumina Small RNA 5' Adapter	Nextera Transposase Sequence	PolyA	PolyG
1	0.0	0.0	0.0	0.0	0.06216671664954935	1.458171618050415E-4
2	0.0	0.0	0.0	0.0	0.07266555229951234	2.4302860300840247E-4
3	0.0	0.0	0.0	0.0	0.08170621633142491	3.4024004421176344E-4
4	0.0	0.0	0.0	0.0	0.09060106320153244	3.8884576481344394E-4
5	0.0	0.0	0.0	0.0	0.09935009290983493	4.3745148541512443E-4
6	0.0	0.0	0.0	4.860572060168049E-5	0.10712700820610381	5.346629266184855E-4
7	0.0	0.0	0.0	9.721144120336098E-5	0.11480671206116932	8.262972502285684E-4
8	0.0	0.0	0.0	9.721144120336098E-5	0.12224338731322644	0.0012637487356436927
9	0.0	0.0	0.0	9.721144120336098E-5	0.12977727400648692	0.0015067773386520952
10	0.0	0.0	0.0	9.721144120336098E-5	0.1373111606997474	0.0017498059416604977
11	0.0	0.0	0.0	9.721144120336098E-5	0.14465062451060115	0.0017498059416604977
12	0.0	0.0	0.0	9.721144120336098E-5	0.1512610025124297	0.0019442288240672197
13	0.0	0.0	0.0	9.721144120336098E-5	0.15689926610222463	0.002041440265270581
14	0.0	0.0	0.0	9.721144120336098E-5	0.1635096441040532	0.002478891750685705
15	0.0	0.0	0.0	9.721144120336098E-5	0.1689048790908397	0.0028191317948974685
16	0.0	0.0	0.0	9.721144120336098E-5	0.17308497106258425	0.003062160397905871
17	0.0	0.0	0.0	9.721144120336098E-5	0.17886905181418422	0.0034024004421176345
18	0.0	0.0	0.0	9.721144120336098E-5	0.1833893838301405	0.0038884576481344395
19	0.0	0.0	0.0	9.721144120336098E-5	0.18805553300790184	0.004325909133549564
20	0.0	0.0	0.0	9.721144120336098E-5	0.19301331650927325	0.004714754898363008
21	9.721144120336098E-5	0.0	0.0	1.458171618050415E-4	0.19724201420161944	0.005054994942574771
22	9.721144120336098E-5	0.0	0.0	1.458171618050415E-4	0.2018109519381774	0.005443840707388215
23	1.9442288240672197E-4	0.0	0.0	1.9442288240672197E-4	0.2066229182777438	0.00592989791340502
24	1.9442288240672197E-4	0.0	0.0	1.9442288240672197E-4	0.2110946445730984	0.006513166560625186
25	1.9442288240672197E-4	0.0	0.0	2.4302860300840247E-4	0.21561497658905468	0.006950618046040311
26	1.9442288240672197E-4	0.0	0.0	2.91634323610083E-4	0.22091300013463785	0.007436675252057116
27	1.9442288240672197E-4	0.0	0.0	4.3745148541512443E-4	0.22621102368022103	0.00787412673747224
28	1.9442288240672197E-4	0.0	0.0	4.3745148541512443E-4	0.23184928727001597	0.008311578222887365
29	2.91634323610083E-4	0.0	0.0	4.8605720601680493E-4	0.23602937924176048	0.009186481193717613
30	3.8884576481344394E-4	0.0	0.0	4.8605720601680493E-4	0.2399664426104966	0.00991556700274282
31	3.8884576481344394E-4	0.0	0.0	4.8605720601680493E-4	0.24366047737622432	0.011179315738386514
32	3.8884576481344394E-4	0.0	0.0	5.346629266184855E-4	0.24803499223037556	0.012151430150420124
33	4.3745148541512443E-4	0.0	0.0	6.318743678218464E-4	0.2526525356875352	0.013220756003657094
34	6.318743678218464E-4	0.0	0.0	6.318743678218464E-4	0.25678402193867805	0.014338687577495745
35	7.290858090252074E-4	0.0	0.0	6.318743678218464E-4	0.2601864223807957	0.0156996477543428
36	7.290858090252074E-4	0.0	0.0	6.318743678218464E-4	0.2652414173233705	0.017206425092994894
37	0.0010207201326352905	0.0	0.0	6.318743678218464E-4	0.2691784806921066	0.01876180815224867
38	0.0012151430150420122	0.0	0.0	6.318743678218464E-4	0.2735043898256561	0.020317191211502446
39	0.0013609601768470537	0.0	0.0	7.290858090252074E-4	0.27724703031198555	0.021969785711959584
40	0.0016039887798554562	0.0	0.0	7.290858090252074E-4	0.28118409368072167	0.023914014536026804
41	0.0016039887798554562	0.0	0.0	7.290858090252074E-4	0.2853641856524662	0.02580963763949234
42	0.0017984116622621782	0.0	0.0	7.290858090252074E-4	0.28939846046240564	0.02760804930175452
43	0.0020900459858722614	0.0	0.0	7.290858090252074E-4	0.2935299467135485	0.030135546773041907
44	0.002333074588880664	0.0	0.0	8.262972502285684E-4	0.2980016730089031	0.033051890009142736
45	0.002576103191889066	0.0	0.0	8.749029708302489E-4	0.30164710205402917	0.03621126184825197
46	0.002867737515499149	0.0	0.0	8.749029708302489E-4	0.3050981082167485	0.03980808517277633
47	0.003159371839109232	0.0	0.0	8.749029708302489E-4	0.3095212287915014	0.04262721696767379
48	0.0035968233245243565	0.0	0.0	9.235086914319294E-4	0.3129722349542207	0.04573798308618134
49	0.004082880530541162	0.0	0.0	9.235086914319294E-4	0.3172009326465669	0.048848749204688895
50	0.004471726295354606	0.0	0.0	9.235086914319294E-4	0.32157544750071815	0.05220254392620485
51	0.005200812104379813	0.0	0.0	9.235086914319294E-4	0.32604717379607273	0.05579936725072921
52	0.006221532237015103	0.0	0.0	9.235086914319294E-4	0.3308591401356391	0.05886152764863508
53	0.00690201232543863	0.0	0.0	9.721144120336099E-4	0.3354280778721971	0.061729265164134225
54	0.007582492413862157	4.860572060168049E-5	0.0	9.721144120336099E-4	0.3398998041675517	0.06561772281226867
55	0.008651818267099128	4.860572060168049E-5	0.0	0.0010207201326352905	0.3441771075804996	0.07018666054882663
56	0.01088768141477643	4.860572060168049E-5	0.0	0.0010207201326352905	0.3495723425672861	0.07344324382913922
57	0.0137068132096739	4.860572060168049E-5	0.0	0.0010207201326352905	0.35394685742143733	0.07742891291847703
58	0.016428733563368006	4.860572060168049E-5	0.0	0.001069325853236971	0.35841858371679197	0.08165761061082323
59	0.0214351227853411	4.860572060168049E-5	0.0	0.001069325853236971	0.3633277614975617	0.08593491402377111
60	0.02770526074295788	4.860572060168049E-5	0.0	0.001166537294440332	0.3673620363075012	0.09079548608393917
61	0.0353849645980234	4.860572060168049E-5	0.0	0.001166537294440332	0.37163933972044905	0.09580187530591225
62	0.04447423435053765	4.860572060168049E-5	0.0	0.001166537294440332	0.3760138545746003	0.10080826452788534
63	0.05716032742757626	4.860572060168049E-5	0.0	0.001166537294440332	0.38072860947296333	0.1059118651910618
64	0.07237391797590226	4.860572060168049E-5	0.0	0.001166537294440332	0.3852489414889196	0.11116128301604329
65	0.09215644626078622	4.860572060168049E-5	0.0	0.001166537294440332	0.3896720620636725	0.11777166101787184
>>END_MODULE
